x,y,age,mass
5.0,46.0,6.75841003313,12.0154589296
7.0,46.0,6.75841003313,13.0221704104
6.0,46.0,6.75841003313,12.6704520572
6.0,45.0,6.75841003313,13.1896943994
5.0,45.0,6.75841003313,12.1943915237
8.0,21.0,8.28557563894,163.79949729
9.0,19.0,8.28557563894,179.149255641
9.0,21.0,8.28557563894,167.960230967
9.0,20.0,8.28557563894,172.650860054
10.0,20.0,8.28557563894,168.604598694
10.0,21.0,8.28557563894,166.617134051
7.0,21.0,8.28557563894,151.763072157
8.0,19.0,8.28557563894,174.458983412
7.0,48.0,8.79671355259,106.480442833
5.0,48.0,8.79671355259,104.666123127
7.0,47.0,8.79671355259,115.252613881
6.0,47.0,8.79671355259,116.116972796
8.0,48.0,8.79671355259,109.517237125
6.0,48.0,8.79671355259,106.078255584
5.0,47.0,8.79671355259,110.458107299
31.0,63.0,8.93228713672,135.463978357
30.0,63.0,8.93228713672,138.159604377
32.0,62.0,8.93228713672,144.974779539
31.0,62.0,8.93228713672,140.407043105
29.0,62.0,8.93228713672,143.108017565
30.0,62.0,8.93228713672,142.424967631
29.0,63.0,8.93228713672,136.455711431
30.0,64.0,8.93228713672,131.042056035
10.0,16.0,8.94302210504,457.094211668
10.0,15.0,8.94302210504,426.313703999
21.0,4.0,8.95192075903,162.130958128
23.0,4.0,8.95201581843,185.048232974
45.0,7.0,8.98811762984,150.139821979
37.0,5.0,8.99978671851,201.382179485
21.0,3.0,9.00321500062,202.674918681
38.0,67.0,9.01075777244,123.199488333
39.0,67.0,9.01075777244,119.893221003
38.0,65.0,9.01075777244,140.444920228
38.0,64.0,9.01075777244,147.572239345
37.0,65.0,9.01075777244,144.379375172
39.0,65.0,9.01075777244,137.691246884
40.0,65.0,9.01075777244,143.61541408
38.0,66.0,9.01075777244,133.816386781
37.0,66.0,9.01075777244,135.869687211
40.0,66.0,9.01075777244,131.624438687
39.0,66.0,9.01075777244,126.697944574
40.0,67.0,9.01075777244,122.912921849
22.0,4.0,9.01427916643,194.484618028
12.0,13.0,9.01973817053,238.288207729
41.0,62.0,9.03472124885,127.335236411
40.0,58.0,9.07555853986,206.160171919
31.0,61.0,9.0871506439,121.765573891
22.0,3.0,9.08886608799,217.167558474
48.0,34.0,9.09790775235,1937.9252129
57.0,48.0,9.10159174635,202.102377531
46.0,16.0,9.11325241252,529.197078181
62.0,40.0,9.11814187259,100.195479519
44.0,17.0,9.11865763174,567.615307492
20.0,4.0,9.12024145074,176.758361047
41.0,53.0,9.12049702942,412.36217479
6.0,27.0,9.12546925962,128.353895077
44.0,7.0,9.1266584678,185.989032865
16.0,6.0,9.13437833796,243.918153553
15.0,7.0,9.13437833796,242.146784847
15.0,6.0,9.13437833796,251.033160443
16.0,7.0,9.13437833796,249.136019104
40.0,10.0,9.14345700321,412.127950171
61.0,50.0,9.1499527515,73.3828673066
60.0,50.0,9.1499527515,78.3437181406
66.0,49.0,9.16116933451,157.831003015
67.0,49.0,9.16116933451,149.184835464
67.0,54.0,9.16116933451,138.020291933
70.0,55.0,9.16116933451,110.597618624
69.0,55.0,9.16116933451,115.405435124
64.0,50.0,9.16116933451,176.767837494
65.0,50.0,9.16116933451,161.752981417
68.0,56.0,9.16116933451,125.788150571
64.0,56.0,9.16116933451,185.579163048
65.0,56.0,9.16116933451,171.678118109
66.0,56.0,9.16116933451,149.108220024
67.0,56.0,9.16116933451,138.100980469
68.0,55.0,9.16116933451,127.679012069
69.0,56.0,9.16116933451,119.133778228
70.0,56.0,9.16116933451,109.751076445
65.0,57.0,9.16116933451,159.104472618
66.0,57.0,9.16116933451,141.644573464
67.0,57.0,9.16116933451,131.062104482
68.0,57.0,9.16116933451,115.736661992
63.0,56.0,9.16116933451,175.154307391
66.0,50.0,9.16116933451,153.946198053
68.0,50.0,9.16116933451,135.866011154
68.0,54.0,9.16116933451,126.681756766
63.0,53.0,9.16116933451,178.172264847
64.0,55.0,9.16116933451,226.019397689
65.0,53.0,9.16116933451,160.37110217
66.0,53.0,9.16116933451,145.362690864
67.0,53.0,9.16116933451,139.13461006
68.0,53.0,9.16116933451,126.073129761
69.0,53.0,9.16116933451,119.554587415
70.0,53.0,9.16116933451,111.063102966
71.0,53.0,9.16116933451,106.768204323
63.0,55.0,9.16116933451,188.894422097
62.0,55.0,9.16116933451,176.43642158
69.0,54.0,9.16116933451,118.036955507
62.0,54.0,9.16116933451,171.955569805
63.0,54.0,9.16116933451,178.986351159
64.0,54.0,9.16116933451,199.027183538
65.0,54.0,9.16116933451,172.588841616
66.0,54.0,9.16116933451,146.208657311
71.0,52.0,9.16116933451,108.056763283
67.0,50.0,9.16116933451,145.142674968
70.0,52.0,9.16116933451,110.211920551
68.0,52.0,9.16116933451,124.695392353
69.0,50.0,9.16116933451,133.02487244
63.0,51.0,9.16116933451,181.550029584
64.0,51.0,9.16116933451,175.591623785
65.0,51.0,9.16116933451,161.449320984
66.0,51.0,9.16116933451,148.120795146
67.0,51.0,9.16116933451,138.881287586
68.0,51.0,9.16116933451,131.018847178
69.0,51.0,9.16116933451,123.746722033
70.0,51.0,9.16116933451,114.070095718
71.0,51.0,9.16116933451,111.109041295
64.0,52.0,9.16116933451,177.969314706
67.0,55.0,9.16116933451,136.419238907
65.0,52.0,9.16116933451,165.229205071
66.0,52.0,9.16116933451,150.035992099
67.0,52.0,9.16116933451,136.82862796
66.0,55.0,9.16116933451,145.05794771
65.0,55.0,9.16116933451,182.068928188
69.0,52.0,9.16116933451,118.772905413
64.0,53.0,9.16116933451,177.805445657
68.0,58.0,9.16116933451,117.98654021
47.0,5.0,9.16410719981,76.3055642067
75.0,27.0,9.16531696552,40.3097576552
67.0,24.0,9.16531696552,77.3755180445
67.0,21.0,9.16531696552,73.2906197186
66.0,21.0,9.16531696552,81.4651399408
72.0,20.0,9.16531696552,44.3653325098
68.0,24.0,9.16531696552,67.1137843069
69.0,24.0,9.16531696552,65.0159386998
70.0,24.0,9.16531696552,64.1587445681
71.0,24.0,9.16531696552,58.1282424489
72.0,24.0,9.16531696552,55.488285965
73.0,24.0,9.16531696552,49.4846562546
71.0,20.0,9.16531696552,51.9906078028
67.0,25.0,9.16531696552,79.257925821
68.0,25.0,9.16531696552,74.1773929787
70.0,25.0,9.16531696552,63.4987960276
71.0,25.0,9.16531696552,59.3671814271
72.0,25.0,9.16531696552,55.8631077777
73.0,23.0,9.16531696552,49.3693711047
72.0,23.0,9.16531696552,52.4389533702
71.0,23.0,9.16531696552,55.4561705552
68.0,21.0,9.16531696552,70.8901937096
67.0,22.0,9.16531696552,73.8933781567
74.0,27.0,9.16531696552,45.2101779946
68.0,22.0,9.16531696552,67.7780019163
69.0,22.0,9.16531696552,67.7838901472
70.0,22.0,9.16531696552,61.0179638106
71.0,22.0,9.16531696552,75.8101738512
72.0,22.0,9.16531696552,49.7411980763
65.0,22.0,9.16531696552,88.1369398015
70.0,20.0,9.16531696552,60.3526464697
73.0,22.0,9.16531696552,47.5269107749
66.0,23.0,9.16531696552,85.7497836168
67.0,23.0,9.16531696552,74.5307192992
71.0,21.0,9.16531696552,52.0007569865
70.0,21.0,9.16531696552,57.8284823919
68.0,23.0,9.16531696552,67.5404720601
69.0,23.0,9.16531696552,68.9542115535
70.0,23.0,9.16531696552,61.943272316
69.0,21.0,9.16531696552,64.7946126383
65.0,23.0,9.16531696552,90.7623928138
74.0,25.0,9.16531696552,43.2543195082
69.0,25.0,9.16531696552,67.7134221043
68.0,20.0,9.16531696552,70.6252841883
73.0,27.0,9.16531696552,52.5099692499
72.0,27.0,9.16531696552,58.1353318628
71.0,27.0,9.16531696552,64.504031891
70.0,28.0,9.16531696552,71.5616874031
71.0,28.0,9.16531696552,65.2964351922
72.0,28.0,9.16531696552,62.0397970996
70.0,27.0,9.16531696552,68.4402189069
69.0,27.0,9.16531696552,71.3428692167
68.0,27.0,9.16531696552,76.2937148886
69.0,20.0,9.16531696552,67.612076357
75.0,26.0,9.16531696552,41.5208502925
74.0,26.0,9.16531696552,44.085124139
73.0,26.0,9.16531696552,50.0721199013
72.0,26.0,9.16531696552,54.8368390398
66.0,22.0,9.16531696552,83.856297363
71.0,26.0,9.16531696552,59.095182492
67.0,26.0,9.16531696552,82.5328535461
69.0,19.0,9.16531696552,62.8040334739
71.0,19.0,9.16531696552,50.5283340282
68.0,26.0,9.16531696552,77.6012836129
70.0,19.0,9.16531696552,58.7115790585
70.0,26.0,9.16531696552,62.1999115309
69.0,26.0,9.16531696552,66.510798618
27.0,54.0,9.16721263239,290.149331183
47.0,7.0,9.16738438003,113.673137048
7.0,27.0,9.17459770519,181.051269705
23.0,5.0,9.17696774743,135.94357379
45.0,6.0,9.18036343207,148.219543897
17.0,60.0,9.18086743842,204.087671806
18.0,60.0,9.18086743842,227.968758439
16.0,64.0,9.18086743842,138.733005668
19.0,60.0,9.18086743842,233.211657978
20.0,62.0,9.18086743842,191.532330717
19.0,62.0,9.18086743842,195.423421033
18.0,62.0,9.18086743842,187.484830533
18.0,64.0,9.18086743842,148.888581228
16.0,61.0,9.18086743842,160.918303643
17.0,62.0,9.18086743842,172.11545684
17.0,61.0,9.18086743842,198.325797191
18.0,61.0,9.18086743842,220.673068539
19.0,61.0,9.18086743842,227.608985173
16.0,62.0,9.18086743842,156.764291905
20.0,61.0,9.18086743842,215.512052368
19.0,63.0,9.18086743842,174.923233049
15.0,62.0,9.18086743842,139.675316534
17.0,63.0,9.18086743842,157.584175112
16.0,63.0,9.18086743842,147.086790495
15.0,63.0,9.18086743842,140.8383742
14.0,63.0,9.18086743842,138.190217573
20.0,60.0,9.18086743842,228.414042559
18.0,63.0,9.18086743842,168.424234899
17.0,64.0,9.18086743842,147.479547392
17.0,65.0,9.18086743842,139.754265306
16.0,65.0,9.18086743842,135.957020911
5.0,26.0,9.18793303859,210.566885411
45.0,16.0,9.19068419957,509.306003034
11.0,25.0,9.19334872999,252.303334244
58.0,47.0,9.19405313258,201.728621482
58.0,64.0,9.19426438516,94.8051467889
58.0,63.0,9.19426438516,100.275921958
59.0,63.0,9.19426438516,92.3160823594
59.0,64.0,9.19426438516,89.8580728988
59.0,62.0,9.19426438516,95.710286362
60.0,63.0,9.19426438516,84.3111696826
39.0,10.0,9.19468230356,459.728045708
41.0,10.0,9.19518588205,353.843336098
61.0,39.0,9.19618873524,133.366260299
50.0,32.0,9.19751803759,920.920514823
40.0,11.0,9.19995906163,420.752962889
22.0,56.0,9.20177501849,310.130583092
21.0,57.0,9.20177501849,274.339313728
21.0,56.0,9.20177501849,296.86709468
20.0,56.0,9.20177501849,293.401519216
45.0,17.0,9.20199799399,491.635509293
50.0,36.0,9.20283881069,1326.37654578
36.0,5.0,9.203886618,230.026055368
36.0,6.0,9.203886618,242.032110635
41.0,58.0,9.21183045924,149.272255452
52.0,41.0,9.21205966465,452.494626037
47.0,6.0,9.21338925528,153.892952363
51.0,19.0,9.21660852924,577.272254591
50.0,37.0,9.21952355444,1081.9884988
42.0,5.0,9.22025895253,173.299768459
44.0,6.0,9.22025895253,177.717021575
43.0,6.0,9.22025895253,185.468130047
44.0,5.0,9.22025895253,165.255559091
43.0,5.0,9.22025895253,171.172886577
51.0,71.0,9.22115256484,177.081791649
52.0,71.0,9.22115256484,180.635993551
49.0,70.0,9.22115256484,187.197591872
54.0,71.0,9.22115256484,164.862358884
53.0,72.0,9.22115256484,182.061195995
52.0,72.0,9.22115256484,175.611691111
51.0,72.0,9.22115256484,177.589770906
50.0,72.0,9.22115256484,177.723453208
49.0,72.0,9.22115256484,169.380098837
54.0,72.0,9.22115256484,165.875079069
50.0,70.0,9.22115256484,192.092057526
53.0,71.0,9.22115256484,182.726757103
51.0,69.0,9.22115256484,202.266248884
49.0,71.0,9.22115256484,172.757744298
50.0,71.0,9.22115256484,176.601506858
51.0,70.0,9.22115256484,184.109169742
52.0,70.0,9.22115256484,187.521998308
53.0,70.0,9.22115256484,186.134576378
54.0,70.0,9.22115256484,171.646879108
52.0,69.0,9.22115256484,195.757610748
60.0,69.0,9.22296210706,137.805105526
61.0,70.0,9.22296210706,125.527093583
60.0,70.0,9.22296210706,137.921796395
59.0,70.0,9.22296210706,147.035827211
58.0,70.0,9.22296210706,147.116977715
57.0,70.0,9.22296210706,146.709892434
57.0,68.0,9.22296210706,151.810482939
55.0,70.0,9.22296210706,146.280564807
59.0,69.0,9.22296210706,142.298533294
55.0,72.0,9.22296210706,141.590273024
56.0,72.0,9.22296210706,144.625213003
57.0,72.0,9.22296210706,152.482803013
57.0,67.0,9.22296210706,150.671192065
58.0,67.0,9.22296210706,147.407312892
56.0,70.0,9.22296210706,149.089083034
58.0,69.0,9.22296210706,149.056504365
58.0,72.0,9.22296210706,152.339042231
61.0,71.0,9.22296210706,128.275237613
58.0,68.0,9.22296210706,152.514878194
59.0,68.0,9.22296210706,143.177861195
55.0,71.0,9.22296210706,143.547007135
56.0,71.0,9.22296210706,143.453506354
57.0,71.0,9.22296210706,147.210478496
58.0,71.0,9.22296210706,148.234574156
56.0,68.0,9.22296210706,150.189827418
56.0,69.0,9.22296210706,150.202770035
59.0,71.0,9.22296210706,146.760182052
55.0,69.0,9.22296210706,153.895428922
57.0,69.0,9.22296210706,148.150817359
60.0,71.0,9.22296210706,137.242827311
29.0,4.0,9.22296397816,134.77932986
40.0,8.0,9.2245635044,182.985306688
61.0,45.0,9.22519800857,113.224530624
44.0,16.0,9.2260791091,549.005627699
43.0,16.0,9.226311916,675.747086753
7.0,28.0,9.2264816429,220.815893097
30.0,4.0,9.22746143948,143.667159818
47.0,16.0,9.22830307272,385.431579057
46.0,41.0,9.22834002152,1037.27540784
41.0,54.0,9.23003447877,398.113623287
28.0,58.0,9.23430998362,231.405058437
29.0,58.0,9.23430998362,222.311134792
27.0,53.0,9.23472626094,319.136762434
28.0,62.0,9.237723056,207.990743114
29.0,55.0,9.23977045641,327.222231011
36.0,2.0,9.24207985777,104.098354187
42.0,62.0,9.24575197087,212.14923013
46.0,15.0,9.25027490667,382.308563663
41.0,57.0,9.25036942498,174.669291139
37.0,2.0,9.25061438482,113.773236548
38.0,1.0,9.25061438482,104.653592094
37.0,1.0,9.25061438482,108.541185351
38.0,0.0,9.25061438482,97.0771112993
37.0,0.0,9.25061438482,103.692103091
36.0,1.0,9.25061438482,110.823669505
36.0,0.0,9.25061438482,108.044165841
46.0,7.0,9.25199458423,220.750402045
49.0,36.0,9.25338645409,1281.71267074
6.0,28.0,9.25464811102,157.81531187
10.0,25.0,9.25484355648,291.355794241
10.0,24.0,9.25484355648,288.414735929
40.0,9.0,9.25726217759,241.798354414
51.0,32.0,9.25766006677,705.563868674
12.0,14.0,9.25776950805,366.881859905
22.0,57.0,9.25794024145,316.884175726
21.0,58.0,9.25794024145,296.432215767
22.0,58.0,9.25794024145,300.938760564
49.0,65.0,9.25974333284,80.6787955036
49.0,66.0,9.25974333284,88.8485964077
15.0,16.0,9.26067363122,187.36048223
49.0,35.0,9.26131710105,1183.90514232
62.0,38.0,9.26292283092,158.025527442
20.0,17.0,9.26392913673,183.820693016
46.0,17.0,9.26413552641,476.976145073
24.0,5.0,9.2687798741,197.841823064
40.0,2.0,9.26921131517,104.022925343
40.0,3.0,9.26921131517,113.733781927
39.0,3.0,9.26921131517,112.749968888
38.0,3.0,9.26921131517,112.671423052
39.0,1.0,9.26921131517,103.434301811
38.0,2.0,9.26921131517,112.303414737
39.0,2.0,9.26921131517,110.060760675
40.0,1.0,9.26921131517,98.5585233119
39.0,5.0,9.26921131517,132.822200111
38.0,4.0,9.26921131517,125.581607531
40.0,4.0,9.26921131517,121.990667265
39.0,4.0,9.26921131517,123.838711214
39.0,0.0,9.26921131517,97.3187015669
40.0,0.0,9.26921131517,93.9609888587
26.0,58.0,9.27011681811,398.455706852
16.0,16.0,9.27020497116,305.767119738
41.0,11.0,9.27031104898,380.763322986
37.0,46.0,9.27098256925,990.98151829
43.0,63.0,9.27106107852,120.064368805
42.0,63.0,9.27106107852,115.544060602
41.0,63.0,9.27106107852,116.828930105
48.0,32.0,9.27231194907,1837.31702471
42.0,54.0,9.27286941104,451.171081457
28.0,4.0,9.2729793867,150.477745178
5.0,27.0,9.27324002583,135.912327899
39.0,59.0,9.27478005093,255.028088151
50.0,38.0,9.27622093302,845.065164251
21.0,2.0,9.2784819788,243.411376873
22.0,2.0,9.2784819788,255.778873705
21.0,1.0,9.2784819788,238.167234207
22.0,1.0,9.2784819788,240.321889997
40.0,49.0,9.27884677167,565.510338544
27.0,4.0,9.27925034103,251.300953069
14.0,17.0,9.27946819099,188.929157825
46.0,6.0,9.28006793026,124.34275046
46.0,5.0,9.28006793026,118.767288631
55.0,41.0,9.28128133857,419.405340523
35.0,68.0,9.28147268749,179.459801002
34.0,68.0,9.28147268749,175.975689037
33.0,69.0,9.28147268749,144.841304711
36.0,66.0,9.28147268749,234.080549212
40.0,69.0,9.28147268749,187.113411966
38.0,68.0,9.28147268749,188.833823859
39.0,69.0,9.28147268749,183.813732418
35.0,66.0,9.28147268749,223.447200985
36.0,69.0,9.28147268749,173.420140853
33.0,68.0,9.28147268749,161.705377397
38.0,69.0,9.28147268749,174.799136278
37.0,69.0,9.28147268749,172.93644012
34.0,66.0,9.28147268749,201.462023799
34.0,69.0,9.28147268749,157.883203279
35.0,69.0,9.28147268749,168.934788322
37.0,68.0,9.28147268749,188.886243224
39.0,68.0,9.28147268749,193.049559764
36.0,68.0,9.28147268749,185.348867835
40.0,68.0,9.28147268749,197.745422852
33.0,71.0,9.28147268749,135.119693889
35.0,71.0,9.28147268749,144.04740674
36.0,71.0,9.28147268749,162.628920669
37.0,71.0,9.28147268749,171.763965154
38.0,71.0,9.28147268749,177.5433591
39.0,71.0,9.28147268749,179.159677665
40.0,71.0,9.28147268749,182.630076408
33.0,72.0,9.28147268749,127.71429114
40.0,70.0,9.28147268749,188.667774394
35.0,72.0,9.28147268749,143.319005571
36.0,72.0,9.28147268749,160.274357232
39.0,70.0,9.28147268749,176.522255738
34.0,71.0,9.28147268749,141.362487299
37.0,70.0,9.28147268749,181.942354508
38.0,70.0,9.28147268749,185.685307641
35.0,70.0,9.28147268749,152.091948657
36.0,67.0,9.28147268749,212.558990727
35.0,67.0,9.28147268749,203.572084113
36.0,70.0,9.28147268749,163.214829298
34.0,67.0,9.28147268749,193.682998792
33.0,70.0,9.28147268749,137.53411976
40.0,72.0,9.28147268749,173.42497501
38.0,72.0,9.28147268749,176.922657693
37.0,72.0,9.28147268749,171.931615043
34.0,70.0,9.28147268749,145.206782346
39.0,72.0,9.28147268749,173.427320837
37.0,67.0,9.28147268749,214.97210118
46.0,42.0,9.28474029289,1351.72587739
45.0,43.0,9.28518466066,1096.98247064
47.0,43.0,9.2859958531,850.290602027
44.0,47.0,9.28651857622,868.09688486
46.0,26.0,9.2867156262,1660.40420752
49.0,47.0,9.28715976953,561.4961752
2.0,33.0,9.28859272162,173.49051557
1.0,33.0,9.28859272162,139.469021333
2.0,36.0,9.28859272162,135.614242664
0.0,33.0,9.28859272162,140.535502566
1.0,36.0,9.28859272162,129.313944935
2.0,35.0,9.28859272162,139.202741523
1.0,35.0,9.28859272162,129.31693719
0.0,34.0,9.28859272162,130.63883325
0.0,35.0,9.28859272162,125.821053807
1.0,34.0,9.28859272162,137.686070248
2.0,34.0,9.28859272162,147.493539388
8.0,27.0,9.28869552417,320.269471852
8.0,28.0,9.28869552417,322.547493358
30.0,61.0,9.28889502764,182.424982371
30.0,60.0,9.28889502764,184.167380735
41.0,9.0,9.28916991962,178.873648752
43.0,62.0,9.28973977858,139.310436923
49.0,33.0,9.29076089975,1396.48914996
62.0,45.0,9.29200861173,161.37749746
58.0,17.0,9.29273689641,225.251437852
48.0,13.0,9.29631592693,412.034202309
47.0,45.0,9.29751084389,668.159833845
36.0,7.0,9.29819476472,285.311649489
62.0,48.0,9.2985320403,145.422569968
63.0,50.0,9.2985320403,135.693773956
62.0,49.0,9.2985320403,141.791758534
62.0,50.0,9.2985320403,139.917454346
63.0,49.0,9.2985320403,137.221935387
35.0,50.0,9.30089474115,826.485177601
51.0,42.0,9.30155503058,553.14651473
63.0,27.0,9.30258017811,192.993498895
52.0,42.0,9.30297229471,449.88504736
49.0,34.0,9.30326918316,1266.40424983
63.0,45.0,9.30327629345,161.361023287
18.0,51.0,9.3033661454,340.798779679
48.0,47.0,9.30450815343,744.771852824
41.0,8.0,9.30582617658,178.959188426
45.0,42.0,9.30595803325,964.647972251
20.0,69.0,9.30690417759,163.099889223
23.0,64.0,9.30690417759,237.004114064
22.0,64.0,9.30690417759,221.881345939
21.0,64.0,9.30690417759,208.36982305
20.0,67.0,9.30690417759,150.462073125
20.0,64.0,9.30690417759,203.497428201
21.0,67.0,9.30690417759,159.187614234
19.0,69.0,9.30690417759,159.997252234
22.0,67.0,9.30690417759,171.902444616
19.0,64.0,9.30690417759,195.142797007
21.0,70.0,9.30690417759,158.955684702
22.0,70.0,9.30690417759,152.807411427
23.0,70.0,9.30690417759,148.729758395
24.0,70.0,9.30690417759,145.303040736
23.0,63.0,9.30690417759,247.893173896
22.0,63.0,9.30690417759,224.398269028
21.0,63.0,9.30690417759,219.79608285
20.0,63.0,9.30690417759,222.527911259
25.0,67.0,9.30690417759,186.574337172
21.0,71.0,9.30690417759,140.674950904
22.0,71.0,9.30690417759,137.542673549
23.0,67.0,9.30690417759,179.916046931
24.0,67.0,9.30690417759,181.659470465
23.0,71.0,9.30690417759,136.680696235
24.0,71.0,9.30690417759,137.468952638
22.0,62.0,9.30690417759,242.88177333
21.0,62.0,9.30690417759,233.620349602
24.0,72.0,9.30690417759,145.391265159
24.0,64.0,9.30690417759,243.3273415
19.0,68.0,9.30690417759,154.006832909
21.0,66.0,9.30690417759,171.353857174
20.0,68.0,9.30690417759,157.161150537
25.0,65.0,9.30690417759,218.009402114
25.0,68.0,9.30690417759,168.943018729
25.0,66.0,9.30690417759,202.872979154
19.0,67.0,9.30690417759,155.542406542
23.0,69.0,9.30690417759,167.968205355
24.0,66.0,9.30690417759,200.553810509
23.0,66.0,9.30690417759,190.276127562
24.0,69.0,9.30690417759,156.697253473
22.0,66.0,9.30690417759,178.127453506
18.0,65.0,9.30690417759,174.073588767
15.0,66.0,9.30690417759,160.672609242
16.0,66.0,9.30690417759,171.362229944
17.0,66.0,9.30690417759,172.886504771
18.0,66.0,9.30690417759,170.993878727
18.0,67.0,9.30690417759,160.390734427
20.0,66.0,9.30690417759,158.408946616
24.0,68.0,9.30690417759,167.854735954
24.0,65.0,9.30690417759,219.460716041
22.0,68.0,9.30690417759,176.03120828
21.0,68.0,9.30690417759,164.070142541
19.0,65.0,9.30690417759,164.450425905
20.0,65.0,9.30690417759,166.911437636
21.0,65.0,9.30690417759,179.180509846
22.0,65.0,9.30690417759,193.574606304
23.0,65.0,9.30690417759,213.737136011
21.0,69.0,9.30690417759,162.705495019
19.0,66.0,9.30690417759,164.98760054
23.0,68.0,9.30690417759,181.269180311
22.0,69.0,9.30690417759,162.585464203
76.0,32.0,9.30832039206,41.2634848044
70.0,32.0,9.30832039206,65.2699149862
75.0,32.0,9.30832039206,46.4269836345
74.0,32.0,9.30832039206,51.8697193802
73.0,32.0,9.30832039206,49.9276700939
69.0,32.0,9.30832039206,73.4836813722
68.0,32.0,9.30832039206,79.183234524
67.0,32.0,9.30832039206,83.3855153953
72.0,32.0,9.30832039206,54.4554003538
71.0,32.0,9.30832039206,56.6081730383
72.0,31.0,9.30832039206,54.4878190534
75.0,31.0,9.30832039206,42.4584046778
73.0,28.0,9.30832039206,47.5819733841
74.0,28.0,9.30832039206,41.5051683013
76.0,28.0,9.30832039206,34.7039457755
71.0,29.0,9.30832039206,58.6089069455
72.0,29.0,9.30832039206,54.6498348085
73.0,29.0,9.30832039206,47.9193877422
75.0,29.0,9.30832039206,40.1823246912
76.0,29.0,9.30832039206,37.1860068565
76.0,31.0,9.30832039206,37.3216123109
71.0,30.0,9.30832039206,59.8017092562
73.0,30.0,9.30832039206,50.0874535233
74.0,30.0,9.30832039206,45.5618186138
75.0,30.0,9.30832039206,41.7410322029
76.0,30.0,9.30832039206,36.9536820981
70.0,31.0,9.30832039206,65.6597094037
71.0,31.0,9.30832039206,59.9518303805
73.0,31.0,9.30832039206,49.9115810602
74.0,31.0,9.30832039206,50.249421152
72.0,30.0,9.30832039206,54.4506432419
74.0,29.0,9.30832039206,44.0063207644
69.0,36.0,9.30832039206,65.7485878025
69.0,33.0,9.30832039206,72.1623518934
72.0,36.0,9.30832039206,59.8539005119
73.0,36.0,9.30832039206,53.7679143882
74.0,36.0,9.30832039206,44.0937627746
75.0,36.0,9.30832039206,37.5230250971
69.0,37.0,9.30832039206,66.0315711752
70.0,37.0,9.30832039206,63.8274994249
71.0,37.0,9.30832039206,59.9729060521
72.0,37.0,9.30832039206,59.0984711418
73.0,37.0,9.30832039206,51.3140220734
74.0,37.0,9.30832039206,44.4481361441
75.0,37.0,9.30832039206,43.3364268577
76.0,37.0,9.30832039206,41.368333772
70.0,38.0,9.30832039206,67.0241231379
71.0,38.0,9.30832039206,64.2990495304
72.0,38.0,9.30832039206,59.9933968026
73.0,38.0,9.30832039206,53.9591391806
74.0,38.0,9.30832039206,48.3512557602
75.0,38.0,9.30832039206,45.5516935546
76.0,38.0,9.30832039206,42.2508687297
72.0,39.0,9.30832039206,63.3656042203
73.0,39.0,9.30832039206,55.0662542445
74.0,39.0,9.30832039206,51.3780302172
75.0,39.0,9.30832039206,48.9480086086
76.0,39.0,9.30832039206,43.8474073126
68.0,33.0,9.30832039206,78.781800916
71.0,36.0,9.30832039206,58.435037282
70.0,36.0,9.30832039206,61.816366508
76.0,36.0,9.30832039206,37.6563426954
71.0,34.0,9.30832039206,54.409439619
71.0,33.0,9.30832039206,54.6518857346
72.0,33.0,9.30832039206,53.3266728236
73.0,33.0,9.30832039206,50.2396699981
74.0,33.0,9.30832039206,42.6351323104
75.0,33.0,9.30832039206,43.9777040523
76.0,33.0,9.30832039206,43.7653332497
68.0,34.0,9.30832039206,78.8809265412
69.0,34.0,9.30832039206,71.5055150557
70.0,34.0,9.30832039206,61.8055898911
72.0,34.0,9.30832039206,59.0943248653
73.0,34.0,9.30832039206,53.1897975719
74.0,34.0,9.30832039206,43.6806640619
76.0,34.0,9.30832039206,37.4965037354
68.0,35.0,9.30832039206,73.837188466
75.0,34.0,9.30832039206,39.6774229738
69.0,35.0,9.30832039206,69.9554073658
75.0,35.0,9.30832039206,39.7177307049
70.0,35.0,9.30832039206,63.7935888062
74.0,35.0,9.30832039206,44.1987746316
73.0,35.0,9.30832039206,56.3252637063
72.0,35.0,9.30832039206,63.154521725
70.0,33.0,9.30832039206,64.033680429
71.0,35.0,9.30832039206,59.0337225914
68.0,36.0,9.30832039206,67.2423431521
37.0,61.0,9.30854958603,157.852935552
49.0,32.0,9.30856915015,1313.47017586
58.0,35.0,9.30959235005,334.747132807
13.0,17.0,9.30974992315,187.056883164
48.0,6.0,9.30993907551,92.822941515
41.0,49.0,9.31108885119,753.428936797
46.0,37.0,9.31226068342,1577.68505038
16.0,17.0,9.31291372654,246.131583152
24.0,61.0,9.31338119649,252.572757307
24.0,62.0,9.31338119649,242.093582297
23.0,62.0,9.31338119649,244.359871681
59.0,47.0,9.3146870798,164.305856806
61.0,61.0,9.31521736777,131.386699926
62.0,61.0,9.31521736777,127.826423575
63.0,61.0,9.31521736777,122.105031283
63.0,62.0,9.31521736777,118.403884349
65.0,61.0,9.31521736777,115.699174659
66.0,61.0,9.31521736777,111.513714606
62.0,56.0,9.31521736777,136.694970872
64.0,62.0,9.31521736777,111.096308824
66.0,60.0,9.31521736777,119.15164554
60.0,62.0,9.31521736777,137.417025451
61.0,62.0,9.31521736777,132.075510588
62.0,62.0,9.31521736777,127.9039973
64.0,61.0,9.31521736777,116.120273445
61.0,57.0,9.31521736777,135.168474019
66.0,58.0,9.31521736777,112.227324102
63.0,57.0,9.31521736777,128.489211278
64.0,59.0,9.31521736777,125.57109132
63.0,59.0,9.31521736777,123.552468958
62.0,59.0,9.31521736777,128.307834557
61.0,59.0,9.31521736777,135.022431854
67.0,59.0,9.31521736777,106.719940385
67.0,58.0,9.31521736777,99.4690321911
65.0,62.0,9.31521736777,105.251053026
65.0,58.0,9.31521736777,123.142112207
64.0,58.0,9.31521736777,121.771395496
63.0,58.0,9.31521736777,121.185796401
62.0,58.0,9.31521736777,124.324079942
61.0,58.0,9.31521736777,131.998487031
68.0,59.0,9.31521736777,97.0037419733
61.0,60.0,9.31521736777,132.280915907
62.0,60.0,9.31521736777,128.285910352
63.0,60.0,9.31521736777,124.220593292
64.0,60.0,9.31521736777,123.012258744
65.0,60.0,9.31521736777,123.941190342
64.0,57.0,9.31521736777,128.887560606
62.0,57.0,9.31521736777,128.213384421
66.0,62.0,9.31521736777,101.73266511
65.0,59.0,9.31521736777,126.303447799
66.0,59.0,9.31521736777,118.421599767
61.0,63.0,9.31521736777,129.603535825
62.0,63.0,9.31521736777,126.874412419
63.0,63.0,9.31521736777,117.165551876
64.0,63.0,9.31521736777,108.133632114
67.0,62.0,9.31521736777,175.736863683
65.0,65.0,9.31521736777,105.155420028
63.0,64.0,9.31521736777,121.496201333
64.0,65.0,9.31521736777,114.69529639
64.0,64.0,9.31521736777,111.060485994
65.0,64.0,9.31521736777,138.181387968
51.0,41.0,9.31680325002,607.699455832
45.0,44.0,9.31806993764,845.211244526
55.0,17.0,9.31836764579,334.144631037
63.0,26.0,9.31838800484,187.838005697
10.0,26.0,9.31849799459,214.059469266
46.0,44.0,9.31869349687,798.889592698
55.0,45.0,9.31871849064,278.39045969
37.0,62.0,9.31893513606,176.867614552
49.0,38.0,9.31918452951,1116.23304463
43.0,53.0,9.32044107433,308.54148378
47.0,26.0,9.32097928781,975.507478758
7.0,29.0,9.32148476764,284.969496162
8.0,29.0,9.32214127745,311.520516922
42.0,8.0,9.32229748338,171.949926879
40.0,6.0,9.32230205154,320.166416716
48.0,30.0,9.32262169549,1587.67252775
44.0,42.0,9.32402530195,1299.91683026
46.0,43.0,9.3255898226,1103.18372133
8.0,26.0,9.32620517109,264.177006031
57.0,28.0,9.32632500282,547.710018483
46.0,40.0,9.32633396595,1202.69814075
37.0,59.0,9.32642055921,194.077378979
61.0,46.0,9.32751277974,100.867655973
37.0,63.0,9.3283882667,217.686876641
36.0,65.0,9.3283882667,192.876661277
36.0,63.0,9.3283882667,218.082165525
35.0,65.0,9.3283882667,181.977926573
35.0,64.0,9.3283882667,195.601032586
36.0,64.0,9.3283882667,206.674642647
37.0,64.0,9.3283882667,202.676907912
48.0,29.0,9.32872423658,1610.112813
39.0,11.0,9.32875219849,375.2925915
24.0,52.0,9.32877055024,210.692816996
44.0,41.0,9.32932832565,1228.04302752
26.0,3.0,9.32945801485,301.124613392
24.0,3.0,9.32945801485,281.085264821
25.0,4.0,9.32945801485,293.739064617
26.0,4.0,9.32945801485,296.737692086
24.0,4.0,9.32945801485,290.496839293
25.0,3.0,9.32945801485,284.268946022
24.0,0.0,9.33000883258,126.210430856
24.0,1.0,9.33000883258,131.546747602
23.0,1.0,9.33000883258,123.405474519
26.0,1.0,9.33000883258,136.82660838
25.0,1.0,9.33000883258,133.364467478
23.0,3.0,9.33000883258,150.142681658
24.0,2.0,9.33000883258,139.843951711
23.0,2.0,9.33000883258,144.795994803
26.0,2.0,9.33000883258,149.587554139
25.0,0.0,9.33000883258,127.320822897
26.0,0.0,9.33000883258,129.840696092
25.0,2.0,9.33000883258,143.244525362
31.0,4.0,9.33007736873,276.873819668
53.0,16.0,9.33035352126,459.987608438
52.0,2.0,9.33050277105,127.648986862
53.0,1.0,9.33050277105,120.147996964
58.0,3.0,9.33050277105,114.161798082
51.0,4.0,9.33050277105,167.207531222
57.0,3.0,9.33050277105,113.583924796
55.0,4.0,9.33050277105,136.854696654
56.0,4.0,9.33050277105,127.200966994
54.0,5.0,9.33050277105,165.386218242
54.0,3.0,9.33050277105,144.296997165
57.0,4.0,9.33050277105,120.148634409
55.0,3.0,9.33050277105,127.794472501
56.0,3.0,9.33050277105,118.331583413
55.0,5.0,9.33050277105,152.21053239
54.0,1.0,9.33050277105,125.925603179
51.0,1.0,9.33050277105,128.068870216
54.0,4.0,9.33050277105,151.937928415
53.0,3.0,9.33050277105,148.548234589
58.0,0.0,9.33050277105,103.298687548
56.0,5.0,9.33050277105,134.612521916
51.0,0.0,9.33050277105,124.814225724
52.0,0.0,9.33050277105,115.556497478
53.0,0.0,9.33050277105,114.847644127
57.0,0.0,9.33050277105,99.5037938336
54.0,0.0,9.33050277105,118.591386609
56.0,0.0,9.33050277105,93.7909549664
53.0,4.0,9.33050277105,161.732533357
52.0,1.0,9.33050277105,119.638975119
55.0,1.0,9.33050277105,115.515893732
52.0,4.0,9.33050277105,171.777594776
59.0,1.0,9.33050277105,99.8258738961
51.0,3.0,9.33050277105,154.674019039
59.0,2.0,9.33050277105,103.397091224
52.0,3.0,9.33050277105,151.117062684
53.0,5.0,9.33050277105,176.009723683
56.0,1.0,9.33050277105,109.129616756
57.0,1.0,9.33050277105,111.047487787
58.0,2.0,9.33050277105,109.122397324
52.0,5.0,9.33050277105,180.072158876
57.0,2.0,9.33050277105,114.496256432
56.0,2.0,9.33050277105,116.640776121
53.0,2.0,9.33050277105,129.953542236
51.0,2.0,9.33050277105,134.147246568
54.0,2.0,9.33050277105,133.188500063
58.0,1.0,9.33050277105,109.987913833
55.0,2.0,9.33050277105,126.223156444
45.0,41.0,9.33064976667,1055.18653123
64.0,25.0,9.33117379244,112.858561791
52.0,19.0,9.3317387928,464.327265632
38.0,61.0,9.33201229669,183.964447765
9.0,29.0,9.33311629261,318.987030919
23.0,7.0,9.33475800315,168.440326352
24.0,53.0,9.3349517843,159.301382511
12.0,24.0,9.33495899473,179.294652989
0.0,39.0,9.33536153566,134.709099491
1.0,38.0,9.33536153566,139.003836053
2.0,39.0,9.33536153566,136.217705873
1.0,37.0,9.33536153566,137.830332639
0.0,38.0,9.33536153566,138.298713735
1.0,39.0,9.33536153566,135.093008232
48.0,31.0,9.3354923095,1586.88238009
49.0,37.0,9.33623083282,1303.28466554
54.0,45.0,9.33711962053,299.746990911
37.0,56.0,9.33772767345,278.848811095
59.0,35.0,9.33794464879,193.658149793
28.0,54.0,9.33940602102,345.890302072
47.0,33.0,9.3399269228,1960.5648337
42.0,49.0,9.34156579529,842.77630916
55.0,24.0,9.34169553618,569.583878392
48.0,33.0,9.34237107194,2129.69214279
36.0,57.0,9.34496238705,197.948300414
53.0,41.0,9.34511067904,665.742675476
43.0,52.0,9.3457262418,313.798442019
36.0,47.0,9.34590142129,882.135308601
34.0,64.0,9.34590717741,189.813498147
34.0,63.0,9.34590717741,203.290232011
33.0,63.0,9.34590717741,197.748415301
33.0,64.0,9.34590717741,185.920012708
30.0,45.0,9.3459736129,1121.67538804
46.0,39.0,9.34625903472,1393.71554761
36.0,45.0,9.3470191206,987.389681233
54.0,17.0,9.34980672336,453.178295575
56.0,38.0,9.35018716344,308.482333412
31.0,45.0,9.35051262241,1104.60088199
49.0,31.0,9.35080423374,1207.74058966
36.0,56.0,9.35094262786,209.698357269
46.0,29.0,9.35248361391,1818.19834113
41.0,48.0,9.35259596305,574.932254169
61.0,51.0,9.35345762396,99.5966880581
46.0,49.0,9.35361099062,755.89907308
35.0,45.0,9.35370906924,1171.74979083
26.0,44.0,9.35375525868,1135.74463503
62.0,46.0,9.35387449666,120.107990466
43.0,17.0,9.35453048447,717.446438389
47.0,30.0,9.35463152195,1601.60405712
54.0,44.0,9.35510385146,337.740848411
50.0,31.0,9.35533502986,946.425549031
44.0,8.0,9.35534430477,286.832852381
60.0,44.0,9.35536417431,131.301559574
61.0,44.0,9.35536417431,124.644203016
35.0,5.0,9.35544684376,251.053694442
35.0,6.0,9.35544684376,270.401013272
48.0,39.0,9.35561585033,1403.04129437
44.0,43.0,9.3556359164,1223.90186913
60.0,39.0,9.35698875296,148.168371605
21.0,5.0,9.3572351394,185.951523768
53.0,46.0,9.35755975632,359.500212883
58.0,25.0,9.35849948981,527.307554431
38.0,62.0,9.35855310649,138.874990017
46.0,10.0,9.35932819364,422.005123129
45.0,8.0,9.35970959631,259.740959162
33.0,53.0,9.36068234062,415.944669123
46.0,36.0,9.36147277692,1958.43013221
48.0,46.0,9.36155773849,664.019316324
35.0,56.0,9.36162613467,218.398727455
55.0,23.0,9.36179870492,562.830038078
18.0,50.0,9.36188773451,414.026352756
45.0,39.0,9.36217032941,1883.90680436
21.0,49.0,9.36295698525,231.890215096
53.0,17.0,9.36298350114,478.871655363
51.0,37.0,9.36355766228,888.707583566
24.0,60.0,9.3636015422,239.733126056
26.0,59.0,9.3636015422,265.865279093
25.0,60.0,9.3636015422,244.870796256
25.0,58.0,9.3636015422,295.894220944
26.0,60.0,9.3636015422,244.847555188
25.0,59.0,9.3636015422,263.203555955
24.0,59.0,9.3636015422,254.353958188
25.0,61.0,9.3636015422,232.092150986
41.0,45.0,9.36361577433,1096.64421612
42.0,16.0,9.36397353331,702.592162864
41.0,44.0,9.36438248815,1329.0197206
47.0,44.0,9.36585119956,710.643580437
31.0,55.0,9.36617343967,416.82609853
48.0,12.0,9.36722403233,282.424155159
52.0,30.0,9.36758178061,742.966868927
54.0,47.0,9.36812689068,322.827745694
46.0,30.0,9.36840193917,1852.28483207
37.0,4.0,9.36845809456,224.210465635
36.0,3.0,9.36919744867,205.08870452
58.0,34.0,9.36996301509,436.889380699
59.0,48.0,9.37021432798,185.345384334
49.0,39.0,9.37036095457,958.270018142
39.0,6.0,9.37043604077,302.282750961
56.0,46.0,9.37050595063,205.402596582
34.0,48.0,9.37125105749,665.455939882
47.0,32.0,9.37158361055,1772.305778
46.0,45.0,9.37164448684,678.925452209
51.0,29.0,9.37305366458,1057.26090735
45.0,29.0,9.37374849928,2255.05083702
48.0,37.0,9.37435171048,1622.52518927
34.0,46.0,9.37438758181,997.166469213
51.0,18.0,9.37500845593,492.661388262
45.0,38.0,9.37568330003,1850.74191558
9.0,28.0,9.37575395153,327.072983294
45.0,40.0,9.37731534113,1480.93270628
22.0,48.0,9.37756364855,214.295506852
19.0,51.0,9.3780064016,373.868061376
40.0,48.0,9.37803798069,875.186362782
42.0,53.0,9.37907036196,431.691583549
11.0,20.0,9.37919496164,230.57476519
45.0,30.0,9.37919758765,2151.34602913
61.0,38.0,9.37963241329,151.122070487
48.0,40.0,9.37967452904,1156.8026658
50.0,47.0,9.37976588106,652.483367853
60.0,45.0,9.37995126871,140.599087805
51.0,31.0,9.38064916562,760.377293042
41.0,50.0,9.38112466163,682.062294472
21.0,10.0,9.38190663215,213.033200631
43.0,42.0,9.38208506586,1582.8196275
37.0,58.0,9.38253623972,274.62880632
43.0,15.0,9.38264752817,513.127848076
40.0,57.0,9.38315699524,221.821138673
47.0,40.0,9.38379985584,1134.56968961
35.0,46.0,9.38425587461,985.303240825
48.0,45.0,9.38429495952,791.62029624
63.0,46.0,9.38446487417,131.857177848
64.0,46.0,9.38446487417,119.184030386
65.0,46.0,9.38446487417,114.308501912
63.0,47.0,9.38446487417,129.102405189
65.0,45.0,9.38446487417,120.652051547
66.0,47.0,9.38446487417,115.222085781
64.0,45.0,9.38446487417,131.278772064
65.0,47.0,9.38446487417,113.011560631
64.0,47.0,9.38446487417,118.029722989
62.0,47.0,9.38446487417,138.44732485
66.0,46.0,9.38446487417,116.013738453
63.0,48.0,9.38446487417,128.159532906
66.0,48.0,9.38446487417,110.03638631
64.0,49.0,9.38446487417,117.656878479
65.0,49.0,9.38446487417,111.049086881
64.0,48.0,9.38446487417,119.064857238
65.0,48.0,9.38446487417,113.034721327
47.0,17.0,9.3846532402,377.713548977
19.0,3.0,9.38558297841,186.35235658
19.0,4.0,9.38558297841,203.119818322
47.0,42.0,9.38631457352,1119.75122768
23.0,35.0,9.38632493786,1021.59152259
14.0,15.0,9.38672924353,200.566842554
39.0,9.0,9.38675771932,414.109385743
46.0,31.0,9.38691468911,2098.91379604
58.0,36.0,9.38711344988,328.57890137
39.0,58.0,9.38716741721,266.562431233
15.0,17.0,9.38724090489,219.780774413
53.0,45.0,9.38727505733,534.60387329
62.0,37.0,9.38786153121,151.211819775
22.0,35.0,9.38839259944,674.827994763
48.0,43.0,9.38957257628,1096.771151
18.0,20.0,9.3910645488,348.859590087
47.0,11.0,9.39138634729,275.157348956
49.0,43.0,9.39151791333,1025.37877711
61.0,47.0,9.39167117415,111.2029362
41.0,69.0,9.39242386658,219.78117813
41.0,25.0,9.39265794959,2629.35960681
29.0,57.0,9.39281429233,277.322584779
38.0,55.0,9.39513295508,443.39131755
47.0,25.0,9.39548687809,978.980951105
39.0,49.0,9.39569990482,689.337261729
39.0,7.0,9.39577386526,287.84087614
48.0,66.0,9.39591798382,130.664683783
47.0,66.0,9.39591798382,126.7826288
48.0,67.0,9.39591798382,132.516308104
44.0,40.0,9.39594993748,1704.69341768
20.0,50.0,9.3963281774,386.7986545
19.0,50.0,9.3963281774,350.271309453
59.0,45.0,9.39797019555,161.99769029
52.0,35.0,9.3980105863,498.047720949
49.0,30.0,9.39812392335,1345.78673964
63.0,37.0,9.39815861418,146.766906464
48.0,35.0,9.39837167237,1549.99151131
40.0,64.0,9.39844504846,125.294017205
38.0,63.0,9.39844504846,133.439835161
39.0,63.0,9.39844504846,131.611936673
39.0,64.0,9.39844504846,120.167727776
40.0,63.0,9.39844504846,135.441552636
38.0,59.0,9.39867353712,194.697896083
24.0,40.0,9.3988681999,710.169903407
36.0,44.0,9.39928545917,1061.72456164
23.0,52.0,9.39992792626,217.288038888
43.0,41.0,9.40011251386,1694.65903879
54.0,24.0,9.40053301894,629.821371796
21.0,24.0,9.40104861097,351.690816116
12.0,25.0,9.40112247978,287.306508677
51.0,47.0,9.40136461556,621.625368548
30.0,55.0,9.40167859794,382.530183379
60.0,49.0,9.40211251947,128.923956162
54.0,41.0,9.40230806089,622.786133892
56.0,45.0,9.40236835198,245.586319873
45.0,26.0,9.40242989018,1757.74816829
27.0,11.0,9.40243735917,344.972520948
38.0,60.0,9.40246958542,244.395396673
35.0,58.0,9.40295426232,373.992133846
47.0,31.0,9.40304360773,1820.09486652
41.0,66.0,9.40373336839,114.750151195
41.0,67.0,9.40373336839,107.562888572
35.0,55.0,9.40433651647,280.084924857
34.0,17.0,9.40450664867,551.862376467
56.0,24.0,9.40454843441,502.194051132
23.0,39.0,9.40465374781,700.800251556
64.0,44.0,9.40487699094,199.989655947
43.0,45.0,9.40499134952,689.675435757
39.0,48.0,9.40551023861,849.258806279
27.0,55.0,9.40563992283,304.233816862
51.0,33.0,9.40566953435,1123.14012227
37.0,60.0,9.40578488387,198.844433356
47.0,36.0,9.40587947238,1775.37114326
64.0,37.0,9.40590891752,137.460154699
42.0,61.0,9.40627336772,242.707932817
26.0,32.0,9.40667638561,1699.25794257
25.0,32.0,9.40684369335,1583.21344034
47.0,37.0,9.40795884206,1560.05620179
60.0,35.0,9.40818109065,238.929771943
48.0,38.0,9.4082978328,1530.01417885
20.0,18.0,9.40889895458,291.978405514
57.0,38.0,9.40908808922,247.27451243
36.0,4.0,9.4091925056,227.581734447
57.0,47.0,9.40924636453,225.469500403
37.0,47.0,9.40931029682,923.335012921
33.0,65.0,9.40964012252,230.455466601
32.0,65.0,9.40964012252,235.162870531
31.0,65.0,9.40964012252,235.702643243
31.0,64.0,9.40964012252,262.274670759
32.0,64.0,9.40964012252,254.675533586
33.0,66.0,9.40964012252,212.486333556
32.0,66.0,9.40964012252,222.358971348
34.0,65.0,9.40964012252,236.808286308
32.0,63.0,9.40964012252,271.255217672
60.0,46.0,9.41031280251,132.036382326
10.0,22.0,9.41142398613,206.396614481
37.0,57.0,9.41155844681,278.423987505
29.0,53.0,9.41172899031,273.781072334
27.0,47.0,9.41219752166,440.519583763
46.0,27.0,9.41249231245,1833.55599109
54.0,25.0,9.41263511763,605.795827052
44.0,13.0,9.41269691854,352.724803008
47.0,41.0,9.41363063942,1014.25689755
34.0,4.0,9.41379875122,233.190630097
50.0,33.0,9.41412373116,963.70760198
40.0,44.0,9.41445482438,1244.93928582
46.0,38.0,9.41481972983,1554.86081986
65.0,35.0,9.41499887022,172.176612628
65.0,34.0,9.41499887022,180.848828298
66.0,35.0,9.41499887022,165.349940148
67.0,35.0,9.41499887022,151.321136391
67.0,33.0,9.41499887022,157.240829414
65.0,33.0,9.41499887022,180.961593607
67.0,34.0,9.41499887022,160.221394435
64.0,34.0,9.41499887022,195.704762682
66.0,34.0,9.41499887022,172.972464273
66.0,33.0,9.41499887022,168.416820727
51.0,38.0,9.41567801888,830.589091277
50.0,35.0,9.41582923708,1199.44395926
43.0,14.0,9.41586338421,445.270416225
11.0,24.0,9.41610336693,226.125846261
57.0,39.0,9.41637516721,215.802245556
42.0,45.0,9.41641321898,1148.7139671
42.0,41.0,9.4165118218,1418.58620317
53.0,29.0,9.41675739499,823.514771405
20.0,16.0,9.41691920342,223.198647675
30.0,59.0,9.41810669974,282.599883373
29.0,59.0,9.41810669974,276.897711793
49.0,45.0,9.4191636896,852.389441022
13.0,15.0,9.41922520092,195.73497273
29.0,54.0,9.419326899,387.003792968
28.0,48.0,9.41936273465,457.905641798
45.0,18.0,9.41987333074,587.008615256
45.0,5.0,9.42002380467,118.903405054
54.0,35.0,9.42004211421,578.180862325
27.0,48.0,9.42008503439,320.191472762
41.0,46.0,9.42020670977,821.243782925
48.0,14.0,9.42047549362,413.817246952
10.0,29.0,9.42059487837,207.838726888
60.0,34.0,9.42118002054,184.830824628
43.0,25.0,9.42157290921,2468.94694253
42.0,25.0,9.42246630621,2363.56432095
54.0,16.0,9.42283565672,447.581737927
61.0,40.0,9.42357899424,141.225816815
36.0,46.0,9.42436997472,1136.04828712
43.0,24.0,9.42457694887,1999.78547042
42.0,9.0,9.42466257483,314.039833581
11.0,26.0,9.4249050005,231.592979946
42.0,15.0,9.42500382751,576.259779608
65.0,36.0,9.42537577305,157.749639284
41.0,5.0,9.42565937714,253.965923832
40.0,5.0,9.42565937714,254.883524372
13.0,16.0,9.42598268578,200.082481885
34.0,49.0,9.42612854847,727.533226491
52.0,29.0,9.42614259163,895.485601695
56.0,39.0,9.42617256714,517.855955663
38.0,46.0,9.42620387045,963.09609398
28.0,53.0,9.42693664356,312.54614179
28.0,55.0,9.42703146318,379.72572416
35.0,47.0,9.42707702501,868.650614809
35.0,10.0,9.42754543297,347.48720729
23.0,6.0,9.42757085203,167.812929738
50.0,20.0,9.42771660811,410.334641829
67.0,41.0,9.42788926598,172.286995159
75.0,40.0,9.42788926598,102.257723146
70.0,39.0,9.42788926598,141.344603872
75.0,41.0,9.42788926598,103.670495588
74.0,41.0,9.42788926598,111.698036215
73.0,41.0,9.42788926598,112.680006689
72.0,41.0,9.42788926598,122.931636589
71.0,41.0,9.42788926598,135.30681364
70.0,41.0,9.42788926598,141.588337485
71.0,39.0,9.42788926598,140.803865047
76.0,40.0,9.42788926598,94.6380070986
68.0,41.0,9.42788926598,156.799785945
74.0,40.0,9.42788926598,113.756766913
69.0,40.0,9.42788926598,144.892283794
70.0,40.0,9.42788926598,149.198281724
73.0,40.0,9.42788926598,118.825014038
71.0,40.0,9.42788926598,150.259429519
72.0,40.0,9.42788926598,139.771422943
69.0,41.0,9.42788926598,141.668293021
72.0,42.0,9.42788926598,108.698901333
73.0,49.0,9.42788926598,92.8246145795
69.0,44.0,9.42788926598,138.678376371
71.0,48.0,9.42788926598,112.821112244
72.0,48.0,9.42788926598,102.730412316
73.0,48.0,9.42788926598,97.6101932913
68.0,44.0,9.42788926598,149.829245308
67.0,44.0,9.42788926598,154.086352104
70.0,45.0,9.42788926598,112.674839986
68.0,49.0,9.42788926598,131.893869145
69.0,49.0,9.42788926598,126.750592503
70.0,49.0,9.42788926598,116.163038637
71.0,49.0,9.42788926598,108.650026245
72.0,49.0,9.42788926598,102.835992775
71.0,45.0,9.42788926598,104.820456125
72.0,45.0,9.42788926598,103.94896806
73.0,45.0,9.42788926598,111.285574439
70.0,46.0,9.42788926598,119.150067068
69.0,46.0,9.42788926598,125.231726141
70.0,50.0,9.42788926598,111.845407602
71.0,50.0,9.42788926598,105.936327651
72.0,50.0,9.42788926598,99.2577298204
73.0,46.0,9.42788926598,100.204905275
70.0,48.0,9.42788926598,120.280845015
69.0,48.0,9.42788926598,128.383326909
68.0,48.0,9.42788926598,136.102004579
67.0,48.0,9.42788926598,150.149949964
74.0,46.0,9.42788926598,103.892792196
75.0,46.0,9.42788926598,100.107732743
67.0,45.0,9.42788926598,150.374107868
68.0,45.0,9.42788926598,143.090933545
72.0,46.0,9.42788926598,99.8163595587
67.0,47.0,9.42788926598,161.668874307
68.0,47.0,9.42788926598,143.744361057
69.0,47.0,9.42788926598,128.035071851
70.0,47.0,9.42788926598,118.336584073
71.0,47.0,9.42788926598,107.130694559
75.0,43.0,9.42788926598,113.379774074
72.0,47.0,9.42788926598,103.59642881
75.0,44.0,9.42788926598,111.528232992
74.0,44.0,9.42788926598,115.769887816
73.0,44.0,9.42788926598,118.237574313
73.0,47.0,9.42788926598,101.34502982
72.0,44.0,9.42788926598,108.474582971
71.0,44.0,9.42788926598,108.376832796
70.0,44.0,9.42788926598,120.033316603
74.0,47.0,9.42788926598,95.2877761995
69.0,45.0,9.42788926598,131.150874745
71.0,46.0,9.42788926598,104.884510409
76.0,44.0,9.42788926598,108.420356655
74.0,43.0,9.42788926598,113.351244886
76.0,43.0,9.42788926598,107.977159413
76.0,42.0,9.42788926598,105.866232175
67.0,42.0,9.42788926598,166.505582522
68.0,42.0,9.42788926598,149.208871861
69.0,42.0,9.42788926598,135.716250808
70.0,42.0,9.42788926598,125.984010979
71.0,42.0,9.42788926598,119.910045801
73.0,42.0,9.42788926598,105.636265741
74.0,42.0,9.42788926598,106.942623349
75.0,42.0,9.42788926598,106.9304126
67.0,43.0,9.42788926598,161.71691502
67.0,46.0,9.42788926598,161.097343856
68.0,43.0,9.42788926598,154.720765506
69.0,43.0,9.42788926598,141.039094459
66.0,45.0,9.42788926598,158.802862262
74.0,45.0,9.42788926598,109.514791177
70.0,43.0,9.42788926598,125.231172566
75.0,45.0,9.42788926598,228.314565387
68.0,46.0,9.42788926598,143.429657479
73.0,43.0,9.42788926598,115.921118184
72.0,43.0,9.42788926598,107.502857653
71.0,43.0,9.42788926598,112.549988686
45.0,67.0,9.4279593741,126.370638348
24.0,39.0,9.42846841845,797.301736931
23.0,53.0,9.42882419247,192.371953624
14.0,32.0,9.42944033189,307.524583418
15.0,56.0,9.42959888709,208.771658132
12.0,60.0,9.42959888709,143.881076509
15.0,59.0,9.42959888709,169.786078731
13.0,60.0,9.42959888709,139.118205285
16.0,59.0,9.42959888709,184.743168693
14.0,61.0,9.42959888709,130.610101012
13.0,59.0,9.42959888709,165.133017633
14.0,60.0,9.42959888709,143.159124976
15.0,61.0,9.42959888709,132.089124016
12.0,59.0,9.42959888709,158.326791582
14.0,59.0,9.42959888709,163.340095664
17.0,58.0,9.42959888709,231.646569323
14.0,58.0,9.42959888709,179.207069039
15.0,58.0,9.42959888709,199.86515257
13.0,58.0,9.42959888709,173.686125471
16.0,60.0,9.42959888709,161.03608477
14.0,62.0,9.42959888709,119.253028073
12.0,58.0,9.42959888709,168.031547412
17.0,59.0,9.42959888709,194.807113015
17.0,57.0,9.42959888709,252.439216727
16.0,57.0,9.42959888709,238.277034831
15.0,57.0,9.42959888709,198.109513141
14.0,57.0,9.42959888709,186.537913681
16.0,58.0,9.42959888709,220.88487316
15.0,60.0,9.42959888709,147.569384876
64.0,28.0,9.42987861629,152.331463568
64.0,26.0,9.42987861629,142.103304637
64.0,27.0,9.42987861629,152.707283253
42.0,48.0,9.43013201183,743.157392453
55.0,42.0,9.43017434079,503.958519754
56.0,37.0,9.43060140736,355.291485215
17.0,13.0,9.43124944072,251.911460972
41.0,7.0,9.43131250541,183.198512299
34.0,45.0,9.43156019639,1143.36023544
49.0,46.0,9.4316732865,699.848541513
7.0,24.0,9.43168852667,199.0927727
6.0,25.0,9.43168852667,193.337030342
7.0,25.0,9.43168852667,199.738182453
8.0,25.0,9.43168852667,208.946915924
6.0,26.0,9.43168852667,207.151846261
7.0,26.0,9.43168852667,212.612619072
6.0,24.0,9.43168852667,184.01495114
48.0,44.0,9.43176390272,1043.90448737
37.0,55.0,9.43177386053,404.421322108
40.0,7.0,9.43178502743,284.969482022
26.0,18.0,9.43247576485,489.715341633
52.0,18.0,9.43277606561,435.643797932
45.0,25.0,9.43296842794,1354.35250082
54.0,15.0,9.433080137,322.947829717
44.0,29.0,9.43328394072,2849.43969702
47.0,28.0,9.43376298341,1496.00099711
46.0,28.0,9.43402131389,1968.94569078
31.0,56.0,9.43402242548,416.168807926
38.0,58.0,9.43412604537,256.953590317
56.0,23.0,9.43434205359,428.415016487
11.0,15.0,9.43455166263,190.497777613
52.0,40.0,9.43465163818,665.55201355
58.0,12.0,9.43528600508,100.600913101
23.0,25.0,9.43595337324,572.486352626
54.0,46.0,9.43612637306,286.06984447
23.0,46.0,9.43676365533,372.267617588
55.0,37.0,9.436773124,368.473307674
59.0,34.0,9.4368883098,319.324857761
40.0,50.0,9.43704201791,595.55037852
36.0,61.0,9.43730886579,156.767839565
43.0,43.0,9.4374358828,1270.45509157
30.0,11.0,9.43785732965,362.784319134
55.0,35.0,9.43836707572,592.175057159
39.0,45.0,9.43838535882,1268.53667038
46.0,18.0,9.43850994437,536.820816188
40.0,20.0,9.43857821298,1362.91747399
9.0,26.0,9.438771965,244.326604819
53.0,34.0,9.43881134117,661.941080515
16.0,12.0,9.43903589249,170.966131448
24.0,35.0,9.43913005564,1129.37958062
46.0,25.0,9.43951529429,1505.57548685
32.0,4.0,9.43971024571,328.605609097
31.0,3.0,9.43971024571,313.751313312
32.0,3.0,9.43971024571,320.809239652
28.0,47.0,9.43977168275,605.016975983
37.0,45.0,9.4400231616,1108.60644932
23.0,40.0,9.44003399761,772.139531437
56.0,30.0,9.44025575701,714.516445872
23.0,44.0,9.44060609169,334.681424217
40.0,45.0,9.44063795432,1094.34798004
28.0,0.0,9.44104944313,125.84629923
27.0,1.0,9.44104944313,134.471186591
28.0,2.0,9.44104944313,155.303825298
27.0,3.0,9.44104944313,159.387509537
28.0,1.0,9.44104944313,137.719964306
27.0,2.0,9.44104944313,149.44718583
28.0,3.0,9.44104944313,164.781405516
44.0,28.0,9.44109960381,2625.0961634
56.0,34.0,9.44114530769,272.707128096
22.0,36.0,9.44124380889,1007.74290165
42.0,42.0,9.44189371624,1504.0578271
22.0,25.0,9.44190465205,389.437124701
16.0,29.0,9.44216289906,256.361102915
50.0,67.0,9.44244258208,174.080527732
49.0,67.0,9.44244258208,183.168043382
48.0,68.0,9.44244258208,148.338914853
49.0,68.0,9.44244258208,159.945975674
48.0,69.0,9.44244258208,138.971336073
50.0,68.0,9.44244258208,153.789654221
50.0,69.0,9.44244258208,145.85560279
51.0,68.0,9.44244258208,146.54846879
49.0,69.0,9.44244258208,148.087555101
45.0,37.0,9.4426856769,2157.11229664
41.0,55.0,9.44300729957,283.497308542
49.0,44.0,9.44306166863,1146.91722322
34.0,53.0,9.44317381513,499.236807219
21.0,36.0,9.44334849664,959.574830348
54.0,30.0,9.44336207968,668.669127289
22.0,24.0,9.44357605688,439.991383807
3.0,36.0,9.44358800598,208.535005924
42.0,46.0,9.44361439817,816.662425093
39.0,47.0,9.44384824985,980.393042869
23.0,48.0,9.44398033622,246.077710703
24.0,7.0,9.44467555106,186.355107105
47.0,38.0,9.4449732682,1383.96265584
54.0,34.0,9.44505314768,494.906816648
26.0,53.0,9.44520315633,359.255858481
50.0,19.0,9.44533827789,469.463882554
22.0,38.0,9.44534346444,947.22320279
57.0,29.0,9.44582147184,554.34764938
54.0,40.0,9.44585244559,635.661241007
46.0,32.0,9.44595978018,1975.41789361
42.0,24.0,9.44620234475,2215.94838046
45.0,14.0,9.44624633584,358.422481249
40.0,56.0,9.44651249424,263.06772264
39.0,56.0,9.44651249424,258.002484327
41.0,56.0,9.44651249424,266.77921074
59.0,36.0,9.44665075634,235.597579484
47.0,29.0,9.44708159346,1622.94992461
52.0,46.0,9.44721681044,515.700444877
58.0,45.0,9.4472252677,183.4021642
43.0,64.0,9.4473295021,122.571804364
41.0,64.0,9.4473295021,118.185450029
42.0,64.0,9.4473295021,118.822371575
2.0,41.0,9.44733270426,131.214742286
3.0,40.0,9.44733270426,134.598619668
1.0,42.0,9.44733270426,124.348107037
2.0,42.0,9.44733270426,131.412964731
3.0,42.0,9.44733270426,134.906126656
4.0,40.0,9.44733270426,134.900851212
4.0,42.0,9.44733270426,134.781770914
5.0,40.0,9.44733270426,139.058960292
2.0,40.0,9.44733270426,131.723135662
4.0,41.0,9.44733270426,134.454661928
3.0,41.0,9.44733270426,134.353096523
40.0,46.0,9.44737295958,1107.04058186
27.0,15.0,9.44756026827,271.889314841
60.0,38.0,9.44771373386,137.090927443
37.0,3.0,9.44799127805,190.217261147
23.0,45.0,9.44851805149,413.877585724
24.0,37.0,9.44862740823,896.662672273
41.0,6.0,9.44867987269,186.618259782
25.0,18.0,9.44882011193,536.696893501
45.0,28.0,9.4489015095,2264.92455618
23.0,47.0,9.44898044308,300.325700645
45.0,15.0,9.44901651207,396.894961988
56.0,35.0,9.4490492039,328.338620185
13.0,32.0,9.44905072938,290.647267701
62.0,41.0,9.44988691479,128.637275427
63.0,41.0,9.44988691479,120.868560616
44.0,39.0,9.45092087666,1919.67973372
27.0,45.0,9.45123147326,803.355304367
42.0,7.0,9.45134362267,149.981865965
30.0,52.0,9.45136959424,365.040875485
42.0,11.0,9.45192028073,415.26109808
56.0,42.0,9.45338370169,455.103852037
47.0,15.0,9.45342707026,432.745129807
45.0,27.0,9.45352611799,2003.61894668
38.0,47.0,9.45425702662,901.987715612
38.0,45.0,9.45430026854,1260.69591924
52.0,32.0,9.45441922186,759.692643099
26.0,52.0,9.45475040502,446.341910171
39.0,44.0,9.45478978615,1384.58840397
22.0,10.0,9.45486889957,193.848177755
26.0,19.0,9.45487849855,384.221499868
43.0,26.0,9.45510871826,2869.9183477
22.0,51.0,9.45526734563,220.733824546
21.0,51.0,9.45534811778,206.495436642
50.0,22.0,9.45537900208,591.244725817
40.0,21.0,9.45584554342,1610.83249701
38.0,5.0,9.45610910372,310.762728572
19.0,55.0,9.45616845011,302.807535594
20.0,55.0,9.45616845011,304.585044074
18.0,55.0,9.45616845011,293.25007216
19.0,56.0,9.45616845011,295.594685224
18.0,56.0,9.45616845011,303.591328611
19.0,54.0,9.45616845011,304.837685098
16.0,13.0,9.45624638003,204.518521865
47.0,14.0,9.45648142913,316.429181548
24.0,38.0,9.45719855049,880.017500356
52.0,16.0,9.45727893322,320.640817525
57.0,37.0,9.45728952444,280.518168938
60.0,41.0,9.45744045788,181.179662491
42.0,52.0,9.45829681748,462.209812101
26.0,17.0,9.45841419143,505.414231365
28.0,52.0,9.45857720627,287.14562205
40.0,25.0,9.45867139201,3013.34440145
31.0,11.0,9.45868526722,364.888283862
44.0,68.0,9.45903512326,73.7781299191
43.0,68.0,9.45903512326,72.2543186658
13.0,37.0,9.45926253383,264.763974014
45.0,22.0,9.45930545536,784.131847229
29.0,52.0,9.45933513512,247.305117187
23.0,38.0,9.45966314086,906.673194916
43.0,40.0,9.45977304051,1907.60576559
53.0,44.0,9.45983545802,578.732365423
53.0,30.0,9.46002205517,887.777819072
41.0,41.0,9.46021126405,1698.56837053
27.0,18.0,9.46023847557,465.476502272
24.0,44.0,9.46025608358,478.176101417
35.0,49.0,9.46064285345,848.858894061
55.0,44.0,9.46146861288,420.612302955
42.0,17.0,9.46172418153,708.279025272
33.0,52.0,9.46215682377,430.876912724
12.0,15.0,9.46250461971,203.769319267
44.0,46.0,9.4625125903,911.755280207
35.0,7.0,9.46261092443,310.812610715
39.0,43.0,9.46288420474,1444.99248094
30.0,51.0,9.46312381488,401.752398762
35.0,63.0,9.46376372132,214.558751503
35.0,62.0,9.46376372132,234.440515575
36.0,62.0,9.46376372132,243.420382629
62.0,6.0,9.46399603565,81.357894157
63.0,11.0,9.46399603565,106.828423117
64.0,11.0,9.46399603565,103.360780375
57.0,6.0,9.46399603565,102.962422494
61.0,3.0,9.46399603565,60.3572102565
62.0,11.0,9.46399603565,108.839586331
58.0,6.0,9.46399603565,95.6044505892
59.0,6.0,9.46399603565,93.1442928662
64.0,9.0,9.46399603565,81.6535966091
62.0,4.0,9.46399603565,62.1234364933
61.0,4.0,9.46399603565,64.9003103425
60.0,4.0,9.46399603565,71.0485025484
63.0,7.0,9.46399603565,77.8479370907
61.0,11.0,9.46399603565,107.130087643
58.0,11.0,9.46399603565,128.488050854
59.0,11.0,9.46399603565,121.203497961
64.0,7.0,9.46399603565,68.500085052
63.0,5.0,9.46399603565,73.4348430065
62.0,5.0,9.46399603565,71.7271071715
61.0,5.0,9.46399603565,73.1010313079
60.0,5.0,9.46399603565,77.4438221194
59.0,5.0,9.46399603565,82.9986415854
60.0,11.0,9.46399603565,113.81338474
58.0,5.0,9.46399603565,94.925102171
63.0,6.0,9.46399603565,82.1500300147
57.0,10.0,9.46399603565,133.053546784
58.0,10.0,9.46399603565,125.330892758
59.0,10.0,9.46399603565,116.997530297
60.0,10.0,9.46399603565,108.8474811
63.0,9.0,9.46399603565,89.5071409919
57.0,5.0,9.46399603565,99.2859197631
66.0,10.0,9.46399603565,82.3812331382
61.0,9.0,9.46399603565,101.855397787
62.0,8.0,9.46399603565,90.3812172934
62.0,12.0,9.46399603565,103.226545869
56.0,8.0,9.46399603565,121.609059526
57.0,8.0,9.46399603565,113.725054687
65.0,8.0,9.46399603565,75.3027583239
64.0,8.0,9.46399603565,76.1050789027
63.0,8.0,9.46399603565,79.8763481497
58.0,8.0,9.46399603565,104.627808866
59.0,8.0,9.46399603565,98.9214367683
60.0,8.0,9.46399603565,97.2042307241
61.0,8.0,9.46399603565,95.626448181
64.0,10.0,9.46399603565,191.0134295
59.0,3.0,9.46399603565,77.2543183713
62.0,10.0,9.46399603565,105.549962438
63.0,10.0,9.46399603565,98.0115353153
60.0,3.0,9.46399603565,68.7379647608
61.0,12.0,9.46399603565,108.899558466
62.0,9.0,9.46399603565,95.6474969949
60.0,12.0,9.46399603565,117.957342154
61.0,7.0,9.46399603565,90.4349228091
60.0,9.0,9.46399603565,103.269861681
59.0,4.0,9.46399603565,76.1117027781
59.0,9.0,9.46399603565,107.045775254
58.0,9.0,9.46399603565,117.845679192
57.0,9.0,9.46399603565,124.861200834
56.0,9.0,9.46399603565,136.199741224
58.0,4.0,9.46399603565,90.4350223722
60.0,6.0,9.46399603565,86.696035001
61.0,6.0,9.46399603565,86.2710352022
57.0,7.0,9.46399603565,107.329647266
61.0,10.0,9.46399603565,104.458680416
58.0,7.0,9.46399603565,99.7602970104
65.0,10.0,9.46399603565,88.7237725449
59.0,7.0,9.46399603565,93.8070318141
60.0,7.0,9.46399603565,92.5559451352
59.0,12.0,9.46399603565,127.45540565
61.0,2.0,9.46399603565,59.965347405
62.0,7.0,9.46399603565,85.1595184409
61.0,13.0,9.46399603565,114.100103085
60.0,2.0,9.46399603565,72.7474592592
60.0,1.0,9.46399603565,69.0648948911
58.0,29.0,9.46430329229,480.470069541
53.0,40.0,9.46549370813,725.406867512
48.0,42.0,9.46628681337,997.530919361
52.0,34.0,9.4664143007,649.621551716
29.0,14.0,9.46652121165,301.392643707
38.0,48.0,9.46663897659,728.743832497
35.0,44.0,9.46690072006,1260.8639094
31.0,23.0,9.46690984729,1423.95146804
21.0,35.0,9.46691124063,936.067650993
41.0,26.0,9.46691329815,2972.64482864
42.0,26.0,9.46708389435,2954.17945553
14.0,34.0,9.46720167774,185.878288251
21.0,31.0,9.46743650015,933.549195881
44.0,44.0,9.46762397796,988.45086742
34.0,54.0,9.46780327307,426.540324147
43.0,44.0,9.46790174071,877.70309354
46.0,68.0,9.46799235088,108.510372149
47.0,67.0,9.46799235088,118.606399629
47.0,68.0,9.46799235088,109.54977816
46.0,67.0,9.46799235088,117.990616801
24.0,45.0,9.46803055121,467.93208289
33.0,48.0,9.46824305627,842.280450866
49.0,14.0,9.46832142968,284.689886733
25.0,5.0,9.46866794612,244.995644157
48.0,23.0,9.46918116248,632.926702076
21.0,50.0,9.46958327965,255.487389769
30.0,56.0,9.4698062245,333.049505547
25.0,52.0,9.46993127461,328.6941201
54.0,42.0,9.47014175526,573.521166058
22.0,49.0,9.47089481855,206.770107387
56.0,28.0,9.47091160492,593.012213272
43.0,7.0,9.4711057083,238.058938899
52.0,45.0,9.47120652015,574.002381853
23.0,36.0,9.47131403291,1030.45692166
47.0,39.0,9.47158563702,1349.91636233
66.0,25.0,9.47181540448,141.456339121
66.0,26.0,9.47181540448,146.709314235
65.0,26.0,9.47181540448,157.292669256
66.0,24.0,9.47181540448,149.262443995
65.0,24.0,9.47181540448,155.005426532
65.0,25.0,9.47181540448,149.70764099
38.0,10.0,9.47200061501,437.51358685
35.0,17.0,9.47231176605,755.848439749
23.0,24.0,9.47287078302,414.082166054
35.0,16.0,9.47324008729,798.726115475
55.0,18.0,9.47354954052,312.514522314
45.0,45.0,9.47376501203,770.255173653
22.0,34.0,9.4738638067,812.360492124
60.0,40.0,9.47414178923,188.051665562
32.0,49.0,9.47454933509,588.772137126
56.0,29.0,9.47541673821,589.41896335
25.0,51.0,9.47579906017,202.882267518
23.0,51.0,9.47579906017,198.392231875
24.0,51.0,9.47579906017,202.099862111
51.0,36.0,9.47596367817,993.324079087
15.0,14.0,9.47601883978,232.673181605
44.0,26.0,9.47603448963,2108.46736358
18.0,30.0,9.4762099123,449.781868057
48.0,36.0,9.47632578608,1458.73123486
21.0,55.0,9.47651877841,288.895635831
50.0,21.0,9.47657261076,460.932971231
44.0,27.0,9.47744319051,2388.45863961
18.0,43.0,9.47753934001,328.154123845
61.0,54.0,9.47756945572,143.993550096
61.0,53.0,9.47756945572,144.598840908
53.0,35.0,9.47759672611,711.442167216
52.0,25.0,9.47852842802,428.032934008
41.0,21.0,9.4785439491,1583.46815262
14.0,16.0,9.47873861163,226.39923403
25.0,44.0,9.47902255643,862.749553659
6.0,34.0,9.4790252597,197.757576558
7.0,34.0,9.4790252597,230.921225745
8.0,34.0,9.4790252597,245.681167594
6.0,32.0,9.4790252597,186.962055673
7.0,32.0,9.4790252597,197.884525702
7.0,33.0,9.4790252597,211.388093715
6.0,33.0,9.4790252597,194.067134998
5.0,33.0,9.4790252597,182.620089161
14.0,33.0,9.47920392318,243.842426264
59.0,30.0,9.47939686275,356.426356822
52.0,43.0,9.47962956276,650.18848457
39.0,24.0,9.47983269433,2660.59947156
40.0,43.0,9.47990714619,1340.33730971
47.0,27.0,9.48033640031,1419.25196513
38.0,56.0,9.48053760877,396.824046655
61.0,42.0,9.48054836311,156.765433861
60.0,42.0,9.48054836311,162.177060902
40.0,47.0,9.4806039174,892.967929525
56.0,36.0,9.48072914719,393.32120663
22.0,50.0,9.48083006309,276.982189749
49.0,29.0,9.48099637707,1103.70194414
49.0,6.0,9.48099995126,145.410297648
48.0,5.0,9.48099995126,148.500185759
49.0,5.0,9.48099995126,141.968061962
50.0,5.0,9.48099995126,138.370866633
50.0,6.0,9.48099995126,139.735697048
58.0,46.0,9.4811389009,219.107241376
49.0,22.0,9.48122863452,722.278667139
37.0,48.0,9.48123170933,885.872882181
48.0,28.0,9.48134922366,1510.85684368
28.0,69.0,9.48143533984,169.362934687
29.0,72.0,9.48143533984,147.121086736
32.0,67.0,9.48143533984,192.011400846
32.0,70.0,9.48143533984,139.505842251
31.0,70.0,9.48143533984,148.519197408
33.0,67.0,9.48143533984,193.72634301
28.0,72.0,9.48143533984,137.561981439
27.0,65.0,9.48143533984,202.094110559
27.0,69.0,9.48143533984,157.745764782
30.0,70.0,9.48143533984,160.953158403
29.0,69.0,9.48143533984,176.198036415
30.0,69.0,9.48143533984,167.144103478
31.0,69.0,9.48143533984,150.843782966
26.0,70.0,9.48143533984,140.089739821
31.0,66.0,9.48143533984,202.104967642
30.0,66.0,9.48143533984,207.539187645
29.0,66.0,9.48143533984,212.9106955
28.0,66.0,9.48143533984,203.575352871
27.0,66.0,9.48143533984,192.483683966
28.0,65.0,9.48143533984,214.47790865
26.0,66.0,9.48143533984,183.350446623
25.0,70.0,9.48143533984,127.335676579
28.0,70.0,9.48143533984,151.417652498
29.0,70.0,9.48143533984,162.716582668
26.0,69.0,9.48143533984,147.107038398
32.0,71.0,9.48143533984,140.278750738
25.0,72.0,9.48143533984,134.004162965
26.0,72.0,9.48143533984,131.411954848
30.0,65.0,9.48143533984,223.763258726
29.0,65.0,9.48143533984,224.493408929
32.0,69.0,9.48143533984,150.59647769
31.0,71.0,9.48143533984,147.807161271
27.0,70.0,9.48143533984,144.687078587
29.0,67.0,9.48143533984,203.807621769
29.0,68.0,9.48143533984,189.519632105
27.0,71.0,9.48143533984,133.194220014
28.0,71.0,9.48143533984,139.826023995
32.0,72.0,9.48143533984,136.58032395
30.0,68.0,9.48143533984,184.122980335
30.0,67.0,9.48143533984,195.169835381
31.0,68.0,9.48143533984,166.271175816
26.0,67.0,9.48143533984,174.675841548
28.0,67.0,9.48143533984,194.460831504
26.0,71.0,9.48143533984,132.47458619
31.0,72.0,9.48143533984,142.158786437
28.0,68.0,9.48143533984,181.983351322
30.0,72.0,9.48143533984,145.677230949
26.0,68.0,9.48143533984,156.284589903
27.0,68.0,9.48143533984,167.303723044
30.0,71.0,9.48143533984,152.995132178
31.0,67.0,9.48143533984,189.170274789
32.0,68.0,9.48143533984,166.377463935
25.0,71.0,9.48143533984,128.914802993
27.0,67.0,9.48143533984,183.33701155
29.0,71.0,9.48143533984,154.938754497
25.0,69.0,9.48143533984,141.034783047
52.0,44.0,9.48146551276,547.603073838
55.0,40.0,9.48149234578,598.050611386
32.0,55.0,9.48153076312,372.074129239
30.0,48.0,9.48171057143,761.101011796
67.0,31.0,9.48200894097,103.327930488
66.0,31.0,9.48200894097,109.925637784
66.0,30.0,9.48200894097,108.422704901
66.0,32.0,9.48200894097,110.63410903
38.0,57.0,9.48205678637,335.4637214
33.0,49.0,9.48241114293,572.162082543
53.0,42.0,9.4826664376,679.631591752
7.0,37.0,9.48284598083,229.372161692
7.0,36.0,9.48284598083,228.81403146
8.0,36.0,9.48284598083,230.77777038
59.0,37.0,9.48315009149,265.743513692
57.0,35.0,9.48320970751,316.955368185
25.0,57.0,9.48331711294,260.277556662
24.0,58.0,9.48331711294,232.411709777
24.0,57.0,9.48331711294,252.517220328
24.0,56.0,9.48331711294,258.081361439
23.0,58.0,9.48331711294,220.080412868
23.0,57.0,9.48331711294,240.386796997
23.0,56.0,9.48331711294,251.387831971
25.0,56.0,9.48331711294,267.921601518
36.0,15.0,9.48359890719,502.571294105
57.0,24.0,9.48387669177,496.385752322
50.0,46.0,9.48409511749,641.918006071
44.0,21.0,9.48417100793,800.587839979
18.0,19.0,9.48419061208,401.672345705
15.0,19.0,9.4843057551,294.574953754
53.0,24.0,9.48450231458,792.157866335
19.0,30.0,9.4846424621,493.000002197
17.0,14.0,9.48464748828,250.772911178
35.0,54.0,9.4846638319,430.221476009
21.0,48.0,9.48501260936,241.058598606
9.0,22.0,9.48502156587,229.208320659
8.0,23.0,9.48502156587,227.718223507
7.0,23.0,9.48502156587,219.587982585
8.0,22.0,9.48502156587,225.442169596
9.0,24.0,9.48502156587,243.946525511
7.0,22.0,9.48502156587,209.327241314
8.0,24.0,9.48502156587,231.146959869
9.0,25.0,9.48502156587,246.299036992
9.0,23.0,9.48502156587,232.708264053
23.0,37.0,9.48512429129,855.719435479
49.0,21.0,9.48535107317,622.868465368
52.0,17.0,9.48549334617,378.008132655
61.0,35.0,9.48561373693,236.609761508
59.0,46.0,9.48571190908,151.447162519
51.0,34.0,9.48580309284,901.823503885
42.0,50.0,9.48593559574,789.927798145
45.0,13.0,9.48609444796,290.743379535
30.0,49.0,9.48713023571,467.089875487
52.0,33.0,9.48755828079,931.601667898
45.0,21.0,9.48758737458,814.475619608
17.0,43.0,9.4876340931,286.613627591
13.0,18.0,9.48840395803,217.036557074
27.0,43.0,9.48846466048,1218.75145337
48.0,26.0,9.48944676537,1100.44933467
47.0,35.0,9.48945927497,1824.80859331
19.0,20.0,9.48958454951,352.453536057
24.0,36.0,9.48961363638,988.147632386
36.0,14.0,9.4896256119,398.335419247
21.0,25.0,9.48979223242,414.803579155
30.0,13.0,9.48993400041,336.710661004
35.0,53.0,9.49010056632,526.602186281
19.0,57.0,9.49015386537,234.206521199
20.0,57.0,9.49015386537,223.695954091
20.0,58.0,9.49015386537,220.316104909
19.0,58.0,9.49015386537,222.790404656
18.0,58.0,9.49015386537,234.722749985
20.0,59.0,9.49015386537,212.518514987
18.0,59.0,9.49015386537,205.491751599
18.0,57.0,9.49015386537,244.853828507
19.0,59.0,9.49015386537,215.219570113
41.0,22.0,9.4902026329,1808.9791936
7.0,31.0,9.49059372906,289.685031706
42.0,55.0,9.49091795995,551.83523894
15.0,15.0,9.4909900688,233.900190906
58.0,16.0,9.49113609562,181.25141988
41.0,42.0,9.491187781,1714.42723095
32.0,60.0,9.49123626278,308.421136658
34.0,59.0,9.49123626278,325.083246036
34.0,60.0,9.49123626278,321.752331382
33.0,60.0,9.49123626278,315.14281428
33.0,59.0,9.49123626278,325.674958277
22.0,46.0,9.4914481715,301.953396144
36.0,16.0,9.49175019864,810.300208282
34.0,5.0,9.49257790066,202.328624749
33.0,6.0,9.49257790066,210.149968275
33.0,4.0,9.49257790066,192.459274506
33.0,5.0,9.49257790066,199.475817823
59.0,44.0,9.49271244485,194.872929385
40.0,26.0,9.49277367855,3271.91377861
46.0,33.0,9.49279839326,1955.54299872
43.0,50.0,9.49300084758,636.414440036
34.0,47.0,9.49344678784,854.526447395
41.0,52.0,9.49414890251,474.332731141
39.0,25.0,9.49429264729,3102.53969367
59.0,29.0,9.49429952461,379.309325268
34.0,10.0,9.49456217994,333.902716967
35.0,57.0,9.49476280343,314.393784375
15.0,40.0,9.49477314438,203.958924751
27.0,24.0,9.49478059093,809.744984572
15.0,30.0,9.49478162826,322.185662518
30.0,23.0,9.49495763774,1470.71730636
67.0,15.0,9.49534786416,76.1012257773
68.0,15.0,9.49534786416,71.155666575
66.0,17.0,9.49534786416,87.436544294
64.0,16.0,9.49534786416,92.8592449801
61.0,14.0,9.49534786416,96.3277530555
62.0,14.0,9.49534786416,90.2781115985
63.0,14.0,9.49534786416,84.008186927
63.0,16.0,9.49534786416,101.5337031
64.0,14.0,9.49534786416,87.928864354
67.0,17.0,9.49534786416,80.8674709967
66.0,15.0,9.49534786416,82.3671200605
62.0,15.0,9.49534786416,97.8760539792
65.0,17.0,9.49534786416,92.0784410271
66.0,16.0,9.49534786416,83.9363866616
65.0,13.0,9.49534786416,80.5084600962
63.0,15.0,9.49534786416,93.5243069054
67.0,20.0,9.49534786416,89.5891162514
64.0,15.0,9.49534786416,89.9961950363
62.0,17.0,9.49534786416,114.293634617
63.0,17.0,9.49534786416,105.187101646
65.0,16.0,9.49534786416,88.0443191808
65.0,15.0,9.49534786416,88.4449072216
66.0,20.0,9.49534786416,92.7588969292
63.0,12.0,9.49534786416,88.1616312411
64.0,17.0,9.49534786416,97.9217572414
62.0,16.0,9.49534786416,109.852165931
65.0,20.0,9.49534786416,99.1746048595
64.0,20.0,9.49534786416,101.887793289
61.0,15.0,9.49534786416,99.5521689486
65.0,14.0,9.49534786416,83.8961976597
64.0,13.0,9.49534786416,87.3393746015
67.0,16.0,9.49534786416,78.33999156
66.0,14.0,9.49534786416,77.7844633331
65.0,11.0,9.49534786416,78.1320627781
66.0,11.0,9.49534786416,70.660709052
61.0,16.0,9.49534786416,107.236396102
67.0,14.0,9.49534786416,72.5851141259
68.0,14.0,9.49534786416,67.8096449658
70.0,18.0,9.49534786416,64.0134309056
69.0,18.0,9.49534786416,67.5222380766
68.0,18.0,9.49534786416,71.7083706582
67.0,18.0,9.49534786416,84.0530285861
66.0,18.0,9.49534786416,88.2388117398
65.0,18.0,9.49534786416,94.9182468317
64.0,18.0,9.49534786416,101.436811036
63.0,18.0,9.49534786416,110.721265064
62.0,18.0,9.49534786416,118.567473616
68.0,19.0,9.49534786416,76.9565488325
62.0,13.0,9.49534786416,86.2169545589
69.0,16.0,9.49534786416,68.3087812643
65.0,21.0,9.49534786416,99.2805246111
64.0,21.0,9.49534786416,103.086407774
64.0,19.0,9.49534786416,103.538337791
70.0,17.0,9.49534786416,59.1885775229
63.0,13.0,9.49534786416,82.3392424108
67.0,19.0,9.49534786416,85.4004802339
69.0,17.0,9.49534786416,69.3598126963
66.0,12.0,9.49534786416,74.056976487
65.0,12.0,9.49534786416,81.190179683
68.0,16.0,9.49534786416,75.1802677061
64.0,12.0,9.49534786416,89.0811341602
68.0,17.0,9.49534786416,76.819965581
67.0,13.0,9.49534786416,69.3298671989
65.0,19.0,9.49534786416,100.48577344
66.0,19.0,9.49534786416,90.1914917582
50.0,30.0,9.49543640404,1050.12973537
41.0,27.0,9.49551031351,2954.9039357
24.0,42.0,9.49557777721,959.517206101
40.0,53.0,9.49575957325,505.580792076
64.0,43.0,9.49592243773,116.962760125
39.0,26.0,9.49628279422,3721.16886504
23.0,43.0,9.49659610314,387.703086325
47.0,18.0,9.49661299538,419.296672476
14.0,24.0,9.49677699803,252.956769353
55.0,29.0,9.49716489682,646.684105823
35.0,15.0,9.49783898841,697.13826161
25.0,53.0,9.49806446579,273.034120783
35.0,9.0,9.49825977108,396.593124736
27.0,23.0,9.49859905426,673.999219014
42.0,44.0,9.49881075526,1271.64448628
46.0,48.0,9.4988346615,796.25330791
59.0,38.0,9.49898539039,224.309793261
28.0,56.0,9.49947574996,331.929943343
27.0,26.0,9.4996649593,1437.16071572
48.0,21.0,9.49975234553,906.035450368
32.0,48.0,9.50005502384,725.091998883
36.0,55.0,9.50027758934,332.382824768
59.0,41.0,9.50040562597,211.059792978
27.0,5.0,9.50077018852,259.425261496
31.0,52.0,9.501025343,475.274996934
40.0,42.0,9.50199326031,1687.95609697
57.0,46.0,9.50222380889,186.926914697
52.0,36.0,9.5024291796,636.800791307
55.0,30.0,9.50270076122,591.922401225
55.0,25.0,9.50317760022,538.868868735
48.0,15.0,9.50319235216,409.220368175
41.0,20.0,9.50354360696,1307.08695129
23.0,54.0,9.503703329,211.821844755
63.0,65.0,9.50372470759,147.769120883
63.0,67.0,9.50372470759,139.686814505
62.0,66.0,9.50372470759,151.815375084
60.0,66.0,9.50372470759,153.705585789
61.0,66.0,9.50372470759,155.977800179
61.0,68.0,9.50372470759,144.697393507
63.0,68.0,9.50372470759,135.790657356
62.0,65.0,9.50372470759,155.435851994
61.0,64.0,9.50372470759,160.288211008
60.0,64.0,9.50372470759,159.142490059
59.0,67.0,9.50372470759,156.161372113
58.0,65.0,9.50372470759,169.387544579
59.0,65.0,9.50372470759,165.618243856
62.0,68.0,9.50372470759,135.161161958
62.0,67.0,9.50372470759,147.328000267
62.0,64.0,9.50372470759,155.937507832
60.0,67.0,9.50372470759,145.103540366
61.0,67.0,9.50372470759,144.019450591
61.0,69.0,9.50372470759,132.381344579
60.0,68.0,9.50372470759,151.40677845
60.0,65.0,9.50372470759,164.184996717
59.0,66.0,9.50372470759,153.682699736
58.0,66.0,9.50372470759,160.853367586
61.0,65.0,9.50372470759,159.524477626
20.0,24.0,9.50378348332,338.810678384
42.0,14.0,9.50381921292,530.920003664
19.0,19.0,9.50385546278,368.086852315
37.0,23.0,9.50415443922,2253.06091782
27.0,19.0,9.50439994643,454.818836663
50.0,18.0,9.50449372498,434.510231034
57.0,30.0,9.50456001366,675.012872127
37.0,22.0,9.50461906102,1860.36291098
25.0,47.0,9.50466514397,409.888594581
44.0,14.0,9.50468387699,397.082272461
26.0,5.0,9.50479273908,273.288478628
31.0,13.0,9.50511778752,331.412775649
14.0,37.0,9.50518045619,383.264576728
24.0,6.0,9.50552546217,185.643217052
27.0,44.0,9.50617567876,1058.27131102
27.0,36.0,9.50650241783,1298.62011549
55.0,36.0,9.50666099978,509.970959192
39.0,57.0,9.50678933085,297.132491287
37.0,53.0,9.50680846304,450.792384185
58.0,20.0,9.50732500915,321.853498927
57.0,34.0,9.50741331488,279.53443712
26.0,46.0,9.5076928071,625.530028958
47.0,47.0,9.50777945234,815.570295186
52.0,26.0,9.50783519071,629.774650229
48.0,27.0,9.50796402401,1352.50423144
23.0,41.0,9.50818698704,726.085688853
16.0,18.0,9.5084872058,295.493365402
22.0,23.0,9.50851387728,381.320879787
13.0,33.0,9.50874011634,251.735937639
53.0,43.0,9.50885400149,614.333355718
59.0,20.0,9.50886764211,267.436198877
26.0,45.0,9.50934547934,854.910692064
23.0,34.0,9.50944750487,1338.84209235
57.0,36.0,9.50949257549,342.140647185
45.0,23.0,9.50950675523,830.475274446
39.0,46.0,9.51017518686,1071.33348492
55.0,19.0,9.51023913428,481.635189261
46.0,20.0,9.51045944877,757.619916073
58.0,40.0,9.51083401368,250.168934275
41.0,47.0,9.51123360309,691.496466744
51.0,46.0,9.5113897162,586.542121623
18.0,42.0,9.51163299334,356.561344066
20.0,31.0,9.51187432985,595.328988532
31.0,48.0,9.51193181047,759.024059469
22.0,31.0,9.51217628375,1186.07700419
23.0,27.0,9.51220795449,712.980985836
46.0,19.0,9.51235948706,702.744214282
15.0,18.0,9.51248223016,286.112930925
48.0,11.0,9.51250811973,333.210005299
38.0,6.0,9.51255542277,224.26613429
51.0,44.0,9.51270785626,587.217417229
54.0,29.0,9.5128594616,738.050162969
25.0,19.0,9.51324512292,346.803225408
29.0,44.0,9.51360502791,1222.245782
26.0,34.0,9.51363453086,2155.64698827
41.0,17.0,9.51380920302,516.75447275
53.0,27.0,9.51406334698,850.493475955
31.0,49.0,9.51468429817,633.521400525
34.0,7.0,9.5149740251,435.676301225
26.0,15.0,9.51528557764,293.003754826
36.0,18.0,9.5156773554,657.806714266
43.0,8.0,9.5158293604,297.488598853
22.0,47.0,9.51606048365,271.6102563
47.0,34.0,9.51611745368,1947.57776542
44.0,25.0,9.51618200647,2013.13948436
26.0,35.0,9.51624675071,1924.2443714
44.0,10.0,9.51654817524,382.589380722
29.0,2.0,9.5167055598,201.843229108
30.0,3.0,9.5167055598,216.751294186
30.0,1.0,9.5167055598,175.472490803
30.0,0.0,9.5167055598,163.5025163
30.0,2.0,9.5167055598,196.442351274
29.0,3.0,9.5167055598,211.711752187
29.0,0.0,9.5167055598,161.096269634
29.0,1.0,9.5167055598,178.706422404
7.0,51.0,9.51679623156,125.044520988
8.0,49.0,9.51679623156,136.715726224
8.0,51.0,9.51679623156,128.98077802
7.0,49.0,9.51679623156,132.720820701
7.0,50.0,9.51679623156,129.4509004
8.0,50.0,9.51679623156,132.132934112
9.0,50.0,9.51679623156,135.366399348
15.0,32.0,9.51680158763,336.0222286
53.0,28.0,9.51688105724,969.790435349
40.0,55.0,9.51700521221,298.867057624
22.0,39.0,9.5171212451,908.739263855
29.0,48.0,9.51752821423,595.464014442
45.0,36.0,9.51768424833,2235.37736987
25.0,35.0,9.51774848932,1627.14437404
40.0,24.0,9.51776966171,2382.72859956
47.0,21.0,9.5183916242,910.667603078
27.0,46.0,9.51845310609,632.57305122
38.0,23.0,9.51923210258,2183.34538205
31.0,51.0,9.51931108187,498.36393483
45.0,24.0,9.51938512688,1099.95991736
22.0,9.0,9.51961782584,209.922738529
18.0,41.0,9.5197221127,324.27177012
26.0,33.0,9.51983525335,1680.81092974
36.0,17.0,9.5199199206,742.172953034
47.0,8.0,9.52013684908,254.458965548
46.0,8.0,9.52013684908,272.571680862
47.0,10.0,9.52013684908,304.927085409
47.0,9.0,9.52013684908,275.47248212
46.0,9.0,9.52013684908,286.0909302
13.0,36.0,9.52045667695,393.331993989
55.0,10.0,9.52046593778,141.269788121
34.0,15.0,9.52061896496,660.549324665
25.0,17.0,9.5208506387,418.627645875
31.0,46.0,9.52164126147,990.6232967
13.0,25.0,9.52203857603,278.814228679
42.0,47.0,9.52237916555,719.953452298
35.0,48.0,9.52268050115,777.441225496
27.0,42.0,9.52269408385,1413.34285635
22.0,37.0,9.5228113837,992.962451544
26.0,43.0,9.52308973951,1147.43285464
52.0,27.0,9.52315360057,903.049279719
45.0,50.0,9.52316321272,687.32345163
30.0,50.0,9.52324939259,417.233463144
16.0,19.0,9.52331732832,307.46070175
42.0,43.0,9.52342522595,1552.76555591
40.0,19.0,9.52353427717,1054.18819741
35.0,4.0,9.52399602864,219.80884317
47.0,48.0,9.52405642274,847.125143835
41.0,43.0,9.52434370428,1486.58292985
27.0,34.0,9.5243892955,1405.85302413
52.0,24.0,9.52446609913,566.731219594
47.0,46.0,9.52467920325,745.502968283
33.0,18.0,9.52473570377,521.196972587
24.0,41.0,9.52493075156,979.878125521
45.0,32.0,9.52507609391,2514.79888802
22.0,11.0,9.52523425277,216.604350078
14.0,31.0,9.52540741371,393.689830041
31.0,24.0,9.52553956198,1891.09216261
21.0,47.0,9.52570657786,235.883710755
23.0,26.0,9.52585496008,611.749800898
32.0,41.0,9.52601291019,1512.39772307
31.0,44.0,9.52606988754,1294.84649923
27.0,35.0,9.52632712804,1169.10796287
26.0,27.0,9.52634947723,1902.60638193
46.0,22.0,9.52635350172,724.444066096
42.0,18.0,9.52680400088,690.730994745
26.0,41.0,9.52682203267,1677.50522402
33.0,55.0,9.52688547642,267.187906932
13.0,30.0,9.52711459423,357.788972982
13.0,31.0,9.52711459423,344.561118257
17.0,51.0,9.52715232345,179.15952185
32.0,18.0,9.52727097419,474.594219717
45.0,4.0,9.52753145855,117.886038375
13.0,34.0,9.52808850619,263.003452552
39.0,20.0,9.52811944661,1435.3095162
34.0,11.0,9.52833201552,331.906736848
44.0,22.0,9.52845631141,996.532068202
58.0,30.0,9.5284833293,475.952260167
19.0,23.0,9.52849697882,358.005202708
51.0,25.0,9.52854460066,554.826061654
51.0,28.0,9.52885911353,1012.46373312
20.0,48.0,9.52895058913,251.131248233
30.0,41.0,9.52902548177,1121.64057897
55.0,22.0,9.5290346277,395.092396584
25.0,33.0,9.52910613578,1806.63790562
52.0,38.0,9.52960913032,987.849828303
46.0,46.0,9.52971860961,773.533897185
11.0,32.0,9.5300753219,193.261634251
26.0,42.0,9.53057560943,1607.50805048
25.0,34.0,9.5310988981,1923.76991052
54.0,23.0,9.53127266209,671.018819595
43.0,61.0,9.53127371721,179.774219583
38.0,22.0,9.53130986348,1845.9013983
55.0,16.0,9.53158993633,366.752879186
49.0,28.0,9.53168444243,1080.07970673
43.0,51.0,9.53181141142,483.340440415
46.0,14.0,9.53182811206,287.268091314
32.0,51.0,9.53214647099,505.4109289
19.0,5.0,9.53228585866,197.934214856
18.0,6.0,9.53228585866,201.388143408
19.0,6.0,9.53228585866,206.06850808
18.0,7.0,9.53228585866,209.935599581
20.0,5.0,9.53228585866,196.147245392
18.0,5.0,9.53228585866,184.59736768
17.0,6.0,9.53228585866,197.880348989
52.0,28.0,9.53316218124,944.786781304
46.0,47.0,9.53330267367,781.16109052
31.0,47.0,9.53375230632,911.796459228
36.0,48.0,9.53397041911,845.999617587
24.0,48.0,9.53398660958,301.054522934
6.0,29.0,9.53402532299,170.596736704
42.0,40.0,9.534163216,1686.99128898
46.0,35.0,9.53450136991,1991.47482111
46.0,21.0,9.53451759974,795.811966921
40.0,41.0,9.5347264393,1975.50524321
9.0,30.0,9.53504504566,312.618704537
52.0,37.0,9.53512594312,824.849508554
29.0,56.0,9.53532703837,260.771399226
33.0,54.0,9.53599806743,355.040547437
24.0,43.0,9.53634104153,605.141154482
35.0,18.0,9.53648383223,720.653694936
15.0,33.0,9.53652900332,370.614251525
14.0,18.0,9.53674198876,250.719189781
35.0,11.0,9.53681453748,326.810340307
12.0,36.0,9.53684821621,258.449450994
55.0,38.0,9.53690759569,470.79693174
17.0,20.0,9.53693283445,336.791667532
43.0,21.0,9.53695978616,907.001901892
24.0,46.0,9.53696960511,334.586390783
61.0,34.0,9.53704657311,189.381647859
50.0,39.0,9.53723010167,790.383688267
29.0,51.0,9.53748449039,291.487039675
24.0,27.0,9.53799651775,861.399945087
20.0,49.0,9.53824336798,371.997459153
19.0,49.0,9.53824336798,346.41467963
15.0,26.0,9.53834120332,287.036419962
50.0,43.0,9.53858502926,718.513607994
30.0,27.0,9.53858847793,1668.57061465
16.0,14.0,9.53858881249,276.007383992
30.0,58.0,9.53867854401,371.486984113
42.0,23.0,9.53883247809,1806.86317214
49.0,13.0,9.53898838769,393.28627476
36.0,58.0,9.53904782527,274.154531403
26.0,31.0,9.53910218672,2062.13467705
45.0,46.0,9.53935000771,704.666505244
36.0,49.0,9.53941378466,757.582883444
15.0,31.0,9.53971862253,405.84673516
13.0,24.0,9.53977880239,354.028077199
42.0,21.0,9.53995340387,1325.8663121
44.0,23.0,9.54009817193,1290.58999144
27.0,25.0,9.54053623998,1237.00938205
11.0,28.0,9.54068562377,175.442508924
30.0,26.0,9.5408661998,2265.25275809
12.0,32.0,9.54091793316,293.745828402
28.0,46.0,9.54121277579,799.556407405
11.0,16.0,9.54129161071,165.298117636
57.0,42.0,9.54142366555,426.210474532
61.0,41.0,9.54149683835,163.473458899
40.0,54.0,9.54187436927,490.063426532
31.0,50.0,9.54236996736,508.190970531
27.0,27.0,9.54239226032,1787.81999798
35.0,23.0,9.5425074168,1768.13701308
61.0,49.0,9.54274860745,111.859487564
17.0,19.0,9.54278603916,363.784001812
20.0,30.0,9.54279803253,623.495924001
3.0,45.0,9.54325837109,190.16012338
5.0,44.0,9.54325837109,182.404560658
4.0,44.0,9.54325837109,186.587742345
3.0,44.0,9.54325837109,197.19602393
5.0,43.0,9.54325837109,179.78597612
4.0,43.0,9.54325837109,178.863306359
4.0,45.0,9.54325837109,184.173232129
34.0,19.0,9.54332698529,921.039827357
53.0,25.0,9.54441083777,692.60581595
8.0,30.0,9.54479934459,372.145627504
26.0,56.0,9.54537583968,245.244496655
44.0,18.0,9.54557060555,678.9429247
29.0,47.0,9.54564606084,809.386770908
25.0,31.0,9.54584487243,1905.97883109
18.0,36.0,9.54633390648,570.182424759
27.0,32.0,9.54655768581,1570.6946388
51.0,43.0,9.54680020011,664.409022716
60.0,47.0,9.54690191321,142.422087103
12.0,31.0,9.54739488249,333.546979624
47.0,2.0,9.54755211068,109.382731037
48.0,2.0,9.54755211068,107.426338374
48.0,4.0,9.54755211068,122.480053095
47.0,4.0,9.54755211068,126.701575312
46.0,3.0,9.54755211068,122.411862195
50.0,0.0,9.54755211068,91.8802443447
46.0,0.0,9.54755211068,98.5560299397
50.0,3.0,9.54755211068,110.068111502
47.0,3.0,9.54755211068,120.63997474
48.0,3.0,9.54755211068,115.916389662
49.0,1.0,9.54755211068,97.4749737556
49.0,4.0,9.54755211068,120.894751697
49.0,0.0,9.54755211068,97.5405458329
47.0,1.0,9.54755211068,101.70646374
50.0,1.0,9.54755211068,92.593396513
46.0,1.0,9.54755211068,104.946587149
46.0,2.0,9.54755211068,112.242526248
50.0,4.0,9.54755211068,116.360757216
49.0,2.0,9.54755211068,103.232496506
48.0,1.0,9.54755211068,100.797387077
50.0,2.0,9.54755211068,95.9414702382
46.0,4.0,9.54755211068,132.853657229
49.0,3.0,9.54755211068,115.770283705
47.0,0.0,9.54755211068,94.9682222637
45.0,10.0,9.54771214211,392.39611054
51.0,67.0,9.54773014497,161.022785597
50.0,66.0,9.54773014497,179.671344002
52.0,66.0,9.54773014497,146.082136776
52.0,67.0,9.54773014497,142.132429511
51.0,66.0,9.54773014497,150.450444801
48.0,22.0,9.5478592603,820.369159454
24.0,47.0,9.54795340611,310.406821593
37.0,52.0,9.54795777888,470.679887885
60.0,20.0,9.54819235974,300.401725934
32.0,23.0,9.54843426376,1710.88328972
40.0,51.0,9.54870811098,539.525341175
67.0,30.0,9.54871226082,97.6711127188
70.0,29.0,9.54871226082,80.4239446023
69.0,29.0,9.54871226082,88.0505768078
68.0,29.0,9.54871226082,92.4250335327
69.0,28.0,9.54871226082,85.9299994223
69.0,30.0,9.54871226082,89.4339783276
69.0,31.0,9.54871226082,87.358973653
68.0,30.0,9.54871226082,92.3148551155
70.0,30.0,9.54871226082,81.8454298595
68.0,31.0,9.54871226082,94.8550812135
68.0,28.0,9.54871226082,91.2556622619
51.0,27.0,9.54872973719,936.404470047
16.0,34.0,9.54873806499,349.782893334
44.0,38.0,9.54887529424,2030.31952722
40.0,23.0,9.54906281711,1872.00313818
30.0,47.0,9.54930863581,933.136823454
35.0,24.0,9.54998115339,2610.28052283
43.0,47.0,9.55003151687,868.352668318
11.0,21.0,9.55014302732,225.081207947
42.0,56.0,9.55015417827,470.416517117
31.0,25.0,9.55024706942,2625.37091701
39.0,23.0,9.55028111157,2077.56278588
25.0,42.0,9.55034386796,1110.05354185
16.0,30.0,9.55050274587,456.264878807
7.0,30.0,9.55080797767,314.064305649
19.0,43.0,9.55089813892,361.006100061
14.0,26.0,9.55094512116,330.881616433
26.0,28.0,9.55107572833,2197.54314637
42.0,51.0,9.55115293928,664.913220028
15.0,39.0,9.55136937008,262.777269396
17.0,18.0,9.55188023701,343.76946053
14.0,35.0,9.55224822272,233.378739564
28.0,50.0,9.55236939473,298.261992255
48.0,41.0,9.55238015793,999.840873168
22.0,32.0,9.55246265,1287.39795576
21.0,11.0,9.55261023442,216.177324607
20.0,25.0,9.55267477901,349.923142252
57.0,45.0,9.55268272928,231.798427089
42.0,6.0,9.55276055344,208.939414589
56.0,20.0,9.55282577653,431.353188399
42.0,10.0,9.55288151009,400.620029645
22.0,14.0,9.55313798186,413.558311891
38.0,11.0,9.55316733522,375.993904675
21.0,7.0,9.55345690516,147.777486903
47.0,22.0,9.55362775309,779.911967515
28.0,49.0,9.55362888167,349.447057918
52.0,31.0,9.55365902336,704.237778529
34.0,16.0,9.55366510343,720.400352407
26.0,23.0,9.55407713837,677.23969325
39.0,55.0,9.55426447441,437.052292572
32.0,50.0,9.55428847542,583.532968164
5.0,24.0,9.55471276278,203.177121961
5.0,25.0,9.55471276278,221.036276508
11.0,19.0,9.55500200256,184.784184076
11.0,18.0,9.55500200256,181.761729165
10.0,18.0,9.55500200256,180.966509496
9.0,18.0,9.55500200256,183.547242388
11.0,17.0,9.55500200256,179.821513207
10.0,19.0,9.55500200256,179.385932884
17.0,33.0,9.5552743893,454.564676087
24.0,21.0,9.55529062406,447.869002169
43.0,29.0,9.55574076762,3418.27100893
35.0,19.0,9.55633946921,981.635479759
27.0,17.0,9.55675523775,434.654787874
5.0,38.0,9.55680530092,191.117659822
6.0,38.0,9.55680530092,207.406573587
24.0,34.0,9.55696648738,1411.04141708
32.0,56.0,9.55707977944,404.091297778
38.0,21.0,9.55772166929,1589.13766086
40.0,22.0,9.55796846984,1490.55240283
21.0,16.0,9.55803533178,354.700457014
23.0,21.0,9.55826054539,439.328678533
16.0,33.0,9.55833512861,439.952748892
5.0,39.0,9.55837442212,219.214493876
2.0,37.0,9.55837442212,211.585291663
4.0,38.0,9.55837442212,224.264037211
3.0,39.0,9.55837442212,212.472988115
3.0,37.0,9.55837442212,225.044806372
3.0,38.0,9.55837442212,222.165031301
4.0,39.0,9.55837442212,215.929114879
2.0,38.0,9.55837442212,212.291107752
4.0,37.0,9.55837442212,231.886473493
38.0,44.0,9.55842264935,1448.18718093
36.0,19.0,9.55888074857,1134.50218269
49.0,23.0,9.55888088128,621.990821429
47.0,13.0,9.55925514117,307.856977577
34.0,6.0,9.55938016622,296.880700514
37.0,21.0,9.5596668621,1640.84398191
25.0,41.0,9.55989292652,1260.28864968
19.0,44.0,9.56000383939,292.790098503
20.0,35.0,9.56004436005,702.027648535
32.0,53.0,9.56017951526,409.096647896
53.0,23.0,9.5602364168,755.05255355
45.0,31.0,9.56038979375,2543.43166508
39.0,14.0,9.56093898171,526.397556757
27.0,31.0,9.56102365028,1689.11439958
36.0,10.0,9.56112283843,351.334114966
32.0,24.0,9.56119113044,1961.65537908
45.0,47.0,9.5612820135,656.409666313
33.0,47.0,9.56181705488,992.186332679
41.0,13.0,9.56191948235,447.650283793
30.0,44.0,9.56197298601,1337.15421528
42.0,68.0,9.56222625277,163.590650197
48.0,70.0,9.56222625277,168.346008537
41.0,70.0,9.56222625277,141.551233304
47.0,72.0,9.56222625277,147.699843901
45.0,69.0,9.56222625277,163.11452644
44.0,71.0,9.56222625277,144.448723908
46.0,70.0,9.56222625277,153.561998432
47.0,70.0,9.56222625277,161.200055486
45.0,72.0,9.56222625277,143.652870148
46.0,69.0,9.56222625277,168.641283447
45.0,68.0,9.56222625277,178.655893861
43.0,70.0,9.56222625277,156.259532695
44.0,70.0,9.56222625277,152.183131523
45.0,70.0,9.56222625277,150.875440815
44.0,72.0,9.56222625277,142.719573767
42.0,70.0,9.56222625277,144.028937553
46.0,72.0,9.56222625277,142.447237233
47.0,69.0,9.56222625277,171.663332405
48.0,72.0,9.56222625277,161.519222583
43.0,71.0,9.56222625277,141.919717128
46.0,71.0,9.56222625277,143.993974902
48.0,71.0,9.56222625277,158.808804052
44.0,69.0,9.56222625277,163.26547878
41.0,71.0,9.56222625277,135.200133292
42.0,71.0,9.56222625277,139.092730367
43.0,69.0,9.56222625277,160.332962979
42.0,69.0,9.56222625277,155.7356402
47.0,71.0,9.56222625277,152.854661473
42.0,72.0,9.56222625277,134.546444301
43.0,72.0,9.56222625277,138.451534738
45.0,71.0,9.56222625277,144.036224045
43.0,22.0,9.56292212741,1261.8783017
44.0,15.0,9.56296173367,470.45034412
35.0,60.0,9.56297711096,224.904228429
26.0,47.0,9.56331858555,478.922872355
59.0,25.0,9.56337329814,407.978000442
28.0,25.0,9.56445511766,1654.13676224
29.0,49.0,9.56460032866,394.65177777
14.0,19.0,9.56468898451,272.87579522
28.0,26.0,9.56470636205,1972.71951357
28.0,44.0,9.56481342133,1213.70218053
25.0,43.0,9.5652214302,908.27690384
37.0,44.0,9.56561745721,1242.50432462
47.0,24.0,9.56581544621,1000.09541882
29.0,6.0,9.56608596997,313.51466116
21.0,30.0,9.56618943899,854.557711794
43.0,28.0,9.56621329842,3115.34617187
40.0,59.0,9.56642308133,302.680321344
11.0,31.0,9.56653595099,248.536464624
43.0,23.0,9.56666060522,1648.6172685
50.0,42.0,9.56666250245,726.267270294
29.0,64.0,9.56673873409,208.273902356
28.0,64.0,9.56673873409,193.05528406
28.0,63.0,9.56673873409,200.608000334
49.0,27.0,9.56685754822,876.810060261
24.0,23.0,9.5668646599,489.276551564
35.0,61.0,9.56692253808,288.392097355
21.0,9.0,9.56739684117,373.342709629
51.0,26.0,9.56743417759,648.455872843
44.0,45.0,9.56756313383,869.609867325
41.0,19.0,9.56772663484,1066.27465007
35.0,3.0,9.56845072403,204.322613474
51.0,24.0,9.56895350508,631.753314633
19.0,29.0,9.56926794119,469.008544557
30.0,5.0,9.56973914874,265.293248649
21.0,12.0,9.56978973399,221.776404814
38.0,53.0,9.56981623396,501.748608327
40.0,27.0,9.57009317259,3117.20160768
18.0,31.0,9.57036981639,401.783961811
58.0,38.0,9.57042285053,244.260606767
47.0,23.0,9.57067270052,829.064766488
45.0,49.0,9.57135624692,767.3535013
11.0,30.0,9.57157131269,282.832891452
11.0,29.0,9.57157131269,281.925495832
36.0,43.0,9.57165902013,1285.23522822
32.0,22.0,9.57169169873,1612.08952573
56.0,65.0,9.57180483798,97.3007060576
56.0,66.0,9.57180483798,93.685674868
55.0,65.0,9.57180483798,99.1870086626
57.0,66.0,9.57180483798,95.0612614821
55.0,66.0,9.57180483798,94.7948645161
54.0,66.0,9.57180483798,103.215225033
56.0,67.0,9.57180483798,98.6884923822
57.0,65.0,9.57180483798,98.3202082495
55.0,67.0,9.57180483798,97.6672610222
27.0,56.0,9.57207234948,315.702206274
29.0,45.0,9.57217757632,1118.30102574
51.0,35.0,9.57292196135,906.018143235
36.0,60.0,9.57318282131,215.656728612
62.0,39.0,9.57338906192,236.212366487
64.0,39.0,9.57338906192,202.350383258
64.0,38.0,9.57338906192,210.543467201
63.0,38.0,9.57338906192,225.173289733
63.0,39.0,9.57338906192,215.526317696
63.0,40.0,9.57338906192,214.876741873
29.0,26.0,9.57361655289,2327.76144681
22.0,41.0,9.57369435831,684.262279335
43.0,18.0,9.57375422639,671.296858454
45.0,35.0,9.57386015788,2546.82438792
31.0,22.0,9.57392993952,1565.59947362
43.0,49.0,9.57401420292,636.768687355
35.0,14.0,9.57410403155,527.287345691
56.0,31.0,9.57432903758,563.521452057
51.0,11.0,9.57433693294,241.326696009
59.0,18.0,9.57436297388,230.731181212
59.0,17.0,9.57436297388,213.03062784
44.0,63.0,9.57448349695,200.995761734
45.0,64.0,9.57448349695,192.91857144
45.0,63.0,9.57448349695,200.551071692
44.0,64.0,9.57448349695,184.805441665
50.0,34.0,9.5745191885,1120.11054928
39.0,61.0,9.57465838891,179.678913015
40.0,62.0,9.57465838891,174.546555068
40.0,61.0,9.57465838891,182.600725536
60.0,31.0,9.57469130544,286.441371596
44.0,9.0,9.57487096489,409.056823601
46.0,24.0,9.57495570014,1228.86598723
29.0,50.0,9.57501830371,339.33884492
18.0,52.0,9.57548222263,252.587033989
8.0,31.0,9.57551578602,361.963253708
56.0,17.0,9.57585468777,177.678126271
44.0,49.0,9.5759667833,742.043552783
57.0,25.0,9.57667622349,466.662102548
32.0,52.0,9.57671828836,502.790690191
8.0,32.0,9.57696077903,287.855607881
30.0,24.0,9.57720968655,1795.50901694
16.0,20.0,9.57725317742,273.775839646
27.0,52.0,9.57742169167,372.134507859
54.0,26.0,9.57781865502,564.7607575
15.0,34.0,9.57784327972,240.624772832
41.0,14.0,9.57792880192,510.329966235
16.0,31.0,9.57827173107,479.747473061
19.0,26.0,9.57828603493,374.303840787
22.0,30.0,9.5787873144,932.825094129
35.0,8.0,9.57884496638,354.037003712
58.0,37.0,9.57886510826,289.335124495
43.0,46.0,9.57921473273,941.447834402
41.0,23.0,9.57925781431,2009.04462832
18.0,21.0,9.57946159008,364.136897692
37.0,6.0,9.57996782848,282.662613923
40.0,12.0,9.58014907008,369.21340457
54.0,43.0,9.58016658759,495.342644012
41.0,18.0,9.58023763133,774.633277603
38.0,24.0,9.58030829534,2841.73286728
34.0,18.0,9.58054424426,751.256530115
50.0,11.0,9.58062300186,393.292099894
16.0,39.0,9.58070437214,254.16569774
14.0,14.0,9.58112988217,226.086747209
12.0,28.0,9.58148136148,212.721867814
26.0,36.0,9.58178417314,1534.73084187
47.0,20.0,9.5818943982,767.065975111
16.0,32.0,9.5823424685,476.070699477
17.0,45.0,9.58240619926,342.351123028
41.0,16.0,9.58301452104,610.141506866
33.0,46.0,9.58303903247,1198.77055791
42.0,28.0,9.58314810572,3529.07578169
57.0,23.0,9.58333341793,425.836738319
59.0,28.0,9.58337843058,375.212697814
46.0,23.0,9.58363715592,856.559190629
17.0,12.0,9.583708767,296.910537263
18.0,18.0,9.58380558837,284.573168224
34.0,9.0,9.58423687749,344.408534106
53.0,15.0,9.58435452083,373.01386618
37.0,49.0,9.58475689767,558.67015891
55.0,20.0,9.58493774588,433.034430738
49.0,24.0,9.58498949235,677.985625073
33.0,9.0,9.58509037615,353.108757876
42.0,13.0,9.58511221185,458.406406115
28.0,23.0,9.58512300862,1164.93714509
62.0,31.0,9.58521864709,170.176185192
19.0,18.0,9.58550250178,307.908211849
19.0,36.0,9.58572471856,766.511716396
27.0,22.0,9.58600781918,734.949028142
30.0,22.0,9.58606745326,1347.05047245
62.0,52.0,9.58615873313,171.712540128
63.0,52.0,9.58615873313,173.43069332
61.0,52.0,9.58615873313,181.058036793
62.0,51.0,9.58615873313,179.191074844
62.0,53.0,9.58615873313,166.658946598
31.0,26.0,9.58639772444,2763.13902505
1.0,31.0,9.5865327497,145.516901934
2.0,32.0,9.5865327497,150.947962996
3.0,32.0,9.5865327497,154.373593669
4.0,32.0,9.5865327497,155.980090643
4.0,33.0,9.5865327497,160.095620747
3.0,33.0,9.5865327497,158.639509324
3.0,31.0,9.5865327497,152.85032853
4.0,30.0,9.5865327497,161.327908729
2.0,31.0,9.5865327497,145.922698911
4.0,31.0,9.5865327497,159.921480138
2.0,30.0,9.5865327497,146.978105317
3.0,30.0,9.5865327497,154.241871213
53.0,38.0,9.58662983215,961.326959795
41.0,12.0,9.58674852745,445.611692946
32.0,54.0,9.58707326586,392.155453277
33.0,7.0,9.58707746208,303.341227339
21.0,13.0,9.58748537582,356.26624023
21.0,41.0,9.58758369033,587.334823231
38.0,54.0,9.58764469877,449.925330999
21.0,32.0,9.58790417928,969.141976341
44.0,48.0,9.58798442718,782.627243011
36.0,26.0,9.58799056049,4640.30033461
24.0,24.0,9.58800392645,746.597772585
29.0,5.0,9.58802397545,239.928045752
37.0,15.0,9.58819114307,435.886266729
13.0,35.0,9.5882975608,309.582726044
15.0,46.0,9.58832415782,330.612094752
15.0,25.0,9.5883799737,282.477648476
23.0,11.0,9.5887360685,341.730643522
34.0,8.0,9.58909949086,353.649688102
27.0,37.0,9.58910346987,1283.32266838
50.0,25.0,9.58911935099,808.176374425
26.0,26.0,9.58924869323,1494.83262833
36.0,24.0,9.58925676119,2635.29211819
9.0,27.0,9.58986394743,250.738295729
14.0,25.0,9.58993107243,355.55527278
31.0,31.0,9.59002362124,3714.53097976
22.0,33.0,9.59009450307,1108.59342027
24.0,25.0,9.59033701247,733.808011114
67.0,40.0,9.5904485875,161.958613724
66.0,40.0,9.5904485875,161.390328619
67.0,38.0,9.5904485875,154.818539812
68.0,37.0,9.5904485875,135.203474884
68.0,38.0,9.5904485875,143.881775174
69.0,38.0,9.5904485875,136.3644752
66.0,37.0,9.5904485875,164.422663123
67.0,37.0,9.5904485875,150.780399197
65.0,39.0,9.5904485875,173.45763097
66.0,39.0,9.5904485875,164.674047123
67.0,39.0,9.5904485875,155.267165412
68.0,39.0,9.5904485875,143.367332345
69.0,39.0,9.5904485875,135.545736481
66.0,36.0,9.5904485875,169.987175211
67.0,36.0,9.5904485875,150.685349874
68.0,40.0,9.5904485875,147.575688379
66.0,38.0,9.5904485875,171.015415604
12.0,16.0,9.59093714837,187.477006562
12.0,17.0,9.59093714837,195.751337714
12.0,18.0,9.59093714837,201.715661956
42.0,66.0,9.59147342986,158.095324488
43.0,65.0,9.59147342986,159.56042176
42.0,65.0,9.59147342986,163.768676032
41.0,65.0,9.59147342986,162.821978524
49.0,40.0,9.59153557369,814.081859755
37.0,43.0,9.59173384066,1368.2238786
19.0,35.0,9.59192170928,724.662036458
41.0,40.0,9.59194050973,2224.11523817
45.0,33.0,9.59259630138,2786.67091157
23.0,42.0,9.59274312173,716.600222259
28.0,27.0,9.59281195304,2090.15711195
25.0,48.0,9.59305759937,374.865426667
57.0,12.0,9.59309726844,197.525837055
56.0,12.0,9.59309726844,210.469717721
56.0,11.0,9.59309726844,209.612601193
55.0,12.0,9.59309726844,215.650629559
55.0,13.0,9.59309726844,215.346401653
55.0,11.0,9.59309726844,211.122312937
31.0,21.0,9.59310711708,1242.99416602
19.0,7.0,9.59322732805,176.52059575
13.0,55.0,9.59366037618,182.535266449
12.0,55.0,9.59366037618,181.707509559
11.0,55.0,9.59366037618,173.277731751
11.0,54.0,9.59366037618,175.063033487
10.0,56.0,9.59366037618,162.5210127
11.0,56.0,9.59366037618,167.522653507
12.0,56.0,9.59366037618,177.036277526
10.0,57.0,9.59366037618,153.92207681
13.0,54.0,9.59366037618,178.961276479
14.0,56.0,9.59366037618,185.750587902
11.0,57.0,9.59366037618,159.975000063
12.0,57.0,9.59366037618,167.636359768
13.0,56.0,9.59366037618,178.825215994
12.0,54.0,9.59366037618,175.387870387
13.0,57.0,9.59366037618,172.887900779
51.0,20.0,9.59391544268,507.6216009
21.0,17.0,9.59394692756,365.258361919
62.0,36.0,9.5941461683,267.263574673
32.0,19.0,9.594171607,574.256129762
27.0,29.0,9.59426102921,2183.72588942
33.0,56.0,9.59430897284,356.625419304
55.0,28.0,9.59444132753,417.45556939
50.0,17.0,9.59453493423,485.1010055
13.0,38.0,9.59474124346,298.119844596
59.0,50.0,9.59508424427,180.016986559
53.0,26.0,9.59511481829,820.32042783
49.0,42.0,9.59536989319,917.666931485
36.0,23.0,9.59544074941,1828.44611274
39.0,62.0,9.59596416847,169.686870374
58.0,26.0,9.59613249641,453.479901047
28.0,45.0,9.59654170689,1044.06481755
17.0,39.0,9.59662761225,320.671528653
29.0,46.0,9.59665787043,1002.75829784
51.0,45.0,9.59674167157,584.750829437
28.0,35.0,9.59677735892,1792.28899808
44.0,24.0,9.59698399443,1673.30411778
22.0,40.0,9.59714500996,789.310121983
51.0,17.0,9.59725751438,447.496224304
44.0,37.0,9.59743247947,2182.13850206
21.0,33.0,9.59769225943,873.737407563
31.0,28.0,9.59774866637,2853.48133281
53.0,37.0,9.59777087038,934.127086411
25.0,23.0,9.59811994351,554.404102387
54.0,28.0,9.59835353412,726.480823331
28.0,43.0,9.59854488619,1297.72408611
27.0,28.0,9.59876080518,1925.19403258
50.0,24.0,9.59919279411,768.592432759
30.0,46.0,9.5994903824,1098.38342859
40.0,52.0,9.59962360947,537.201123325
43.0,19.0,9.59983297154,797.536770009
26.0,22.0,9.60025160915,603.002685388
18.0,34.0,9.60048396449,551.046506705
27.0,10.0,9.60048959241,320.377403717
25.0,26.0,9.60107592479,866.734398806
45.0,48.0,9.60117866655,631.139157152
45.0,34.0,9.60123260456,2548.29338092
18.0,29.0,9.60139563647,446.763130124
39.0,13.0,9.60145124499,433.317748805
59.0,40.0,9.60155212282,205.463478859
50.0,29.0,9.60195794029,1092.03447452
23.0,50.0,9.60196325985,243.913013429
24.0,50.0,9.60196325985,248.895511742
25.0,50.0,9.60196325985,252.463844993
12.0,33.0,9.60204085698,263.201595244
38.0,25.0,9.60213294958,3095.33851432
57.0,20.0,9.60250648623,404.997980653
48.0,17.0,9.60255863307,344.271761887
54.0,39.0,9.60304646956,648.747505355
39.0,22.0,9.60307922403,1647.75528429
17.0,30.0,9.60308339304,426.382483856
28.0,15.0,9.60309301427,326.023113093
39.0,12.0,9.60361284877,395.009325941
26.0,30.0,9.60370964637,2196.2920338
61.0,37.0,9.60377771706,162.779811365
21.0,34.0,9.60405174384,890.927503312
29.0,43.0,9.60414516946,1125.15466791
31.0,27.0,9.60426242731,2151.91464287
33.0,45.0,9.60481624768,1042.16847879
8.0,47.0,9.60483222054,244.51366014
9.0,47.0,9.60483222054,261.126932644
8.0,46.0,9.60483222054,272.582977942
26.0,48.0,9.60484042043,449.093400769
15.0,35.0,9.60527295138,263.869394092
40.0,14.0,9.60538316073,508.454631783
14.0,48.0,9.6054524537,224.516326645
23.0,23.0,9.60545818868,496.900751664
43.0,48.0,9.60586839586,831.505695804
50.0,16.0,9.60603039574,399.442219417
29.0,25.0,9.60632810353,1952.8308952
49.0,20.0,9.60641321763,559.578854796
54.0,38.0,9.60656935165,565.294573609
56.0,47.0,9.6070460053,253.141141205
16.0,15.0,9.60722130724,296.402624523
27.0,40.0,9.60741727248,1105.21387206
13.0,28.0,9.60763609184,237.190784114
25.0,39.0,9.60794549317,1446.64843082
20.0,23.0,9.60802009413,382.58225986
24.0,54.0,9.60802376777,194.715545606
27.0,16.0,9.60835632271,372.678530641
45.0,9.0,9.60858525119,423.796264374
30.0,40.0,9.60890280873,1455.48932189
59.0,19.0,9.60900993502,330.707945176
53.0,39.0,9.60934661958,922.588811876
56.0,19.0,9.60975658868,340.450389354
41.0,51.0,9.60985779714,582.562910098
32.0,39.0,9.60992380253,2164.53879538
39.0,51.0,9.60993513311,649.432352625
26.0,40.0,9.61001313491,1379.51923319
66.0,42.0,9.61005283755,141.37560239
66.0,43.0,9.61005283755,144.853342103
65.0,44.0,9.61005283755,145.101563985
65.0,43.0,9.61005283755,148.009233092
66.0,44.0,9.61005283755,137.291878832
62.0,34.0,9.61042817157,212.817432605
37.0,19.0,9.61091001193,1190.46136114
25.0,28.0,9.61098462297,1849.35457617
31.0,41.0,9.61117483321,1272.26810935
55.0,34.0,9.611637501,476.20888409
54.0,36.0,9.61191655639,688.066259873
32.0,45.0,9.61224758257,1013.736059
19.0,25.0,9.61268779988,381.177782108
16.0,40.0,9.61288685848,247.469579637
13.0,14.0,9.61319322619,224.491617618
33.0,24.0,9.6134132697,2403.30943947
32.0,17.0,9.61379540646,587.775355516
38.0,15.0,9.61381312849,437.044587236
30.0,25.0,9.61412338663,2240.17205521
19.0,31.0,9.6141879371,602.059233398
21.0,23.0,9.61438570224,490.580265692
37.0,20.0,9.6144343578,1422.40938169
21.0,14.0,9.61453836473,384.009834547
12.0,26.0,9.61500299894,261.76355603
57.0,32.0,9.61530419058,541.455168429
51.0,8.0,9.61551535379,183.334859184
42.0,20.0,9.61553384158,1169.15976951
56.0,25.0,9.61583534632,453.260286389
11.0,22.0,9.6158419324,213.122450277
19.0,42.0,9.61584500245,427.809567283
52.0,8.0,9.61585562662,198.539946255
21.0,37.0,9.61588391007,868.39216041
44.0,11.0,9.61596001472,398.062646192
23.0,28.0,9.61621798288,974.050121735
42.0,22.0,9.61658611093,1693.48885376
25.0,30.0,9.61668548782,1997.20123947
36.0,20.0,9.61680902066,1253.48562279
32.0,57.0,9.61700250851,361.098323099
29.0,40.0,9.61704309587,1326.25380843
27.0,41.0,9.61715625287,1320.06423314
38.0,43.0,9.61720807349,1666.58595024
32.0,25.0,9.61728775968,2353.94739781
54.0,11.0,9.61759293767,227.507789719
54.0,10.0,9.61759293767,220.320219704
13.0,27.0,9.61764782922,226.545881142
40.0,13.0,9.61776774077,443.746547936
26.0,57.0,9.61782632197,288.735591618
28.0,40.0,9.61817725931,1154.01927864
49.0,25.0,9.61865135256,822.924535908
48.0,8.0,9.61866237941,213.337123818
48.0,9.0,9.61866237941,229.224535118
48.0,10.0,9.61866237941,252.842531041
50.0,8.0,9.61866237941,187.577996697
49.0,7.0,9.61866237941,194.503926552
50.0,7.0,9.61866237941,181.337580906
49.0,9.0,9.61866237941,206.016594463
48.0,7.0,9.61866237941,202.421457351
49.0,8.0,9.61866237941,198.43354082
14.0,53.0,9.61894421608,256.199536802
13.0,52.0,9.61894421608,287.527961375
14.0,52.0,9.61894421608,300.294932615
13.0,53.0,9.61894421608,243.019428811
15.0,51.0,9.61894421608,302.364198224
14.0,51.0,9.61894421608,315.447885392
15.0,52.0,9.61894421608,293.230383163
13.0,51.0,9.61894421608,324.979464155
15.0,53.0,9.61894421608,268.549878428
35.0,43.0,9.61915124213,1483.67670226
38.0,20.0,9.61939176161,1436.66244853
32.0,20.0,9.619433223,839.204750997
44.0,30.0,9.61991771745,2863.71151405
54.0,19.0,9.61999572754,484.095524287
35.0,59.0,9.62010510033,287.845126515
46.0,34.0,9.62014491219,2076.06484753
50.0,45.0,9.62017022314,645.362268202
22.0,13.0,9.62020080006,343.146897524
61.0,21.0,9.62037372783,168.614119158
57.0,31.0,9.62044652272,580.179559328
14.0,47.0,9.62047958808,310.834529787
38.0,39.0,9.62058558646,2200.02904455
15.0,24.0,9.62075169192,291.137601605
28.0,34.0,9.62102234569,1974.53160187
23.0,22.0,9.62106924277,548.286533083
58.0,33.0,9.62108802492,502.65293464
50.0,12.0,9.62123705312,436.131203446
15.0,38.0,9.62152391867,325.408070539
9.0,49.0,9.62167089053,204.279450042
12.0,50.0,9.62167089053,212.9608355
11.0,50.0,9.62167089053,208.742668366
11.0,49.0,9.62167089053,212.868473058
12.0,49.0,9.62167089053,219.438633235
10.0,50.0,9.62167089053,201.118817391
11.0,48.0,9.62167089053,219.94630907
10.0,48.0,9.62167089053,215.6022124
9.0,48.0,9.62167089053,208.718433607
10.0,47.0,9.62167089053,259.570659684
10.0,49.0,9.62167089053,206.682941945
35.0,25.0,9.62183896379,3261.10382626
39.0,19.0,9.62236438249,1098.49495607
27.0,20.0,9.62244192096,503.263540032
33.0,19.0,9.62247546664,765.324370794
62.0,23.0,9.62258429987,153.833371893
62.0,22.0,9.62258429987,147.139020395
63.0,22.0,9.62258429987,136.616992098
62.0,21.0,9.62258429987,142.580952526
39.0,21.0,9.62271285627,1605.64518663
26.0,29.0,9.62281859937,2267.65023688
21.0,39.0,9.62282309759,853.747646844
41.0,24.0,9.62316537529,2349.29011756
43.0,20.0,9.62372880721,784.114433989
29.0,41.0,9.62381200027,1146.39669492
39.0,60.0,9.62390086413,304.305588947
40.0,60.0,9.62390086413,303.131721387
41.0,60.0,9.62390086413,313.602755023
41.0,61.0,9.62390086413,306.167889822
48.0,18.0,9.62391552784,378.889815978
51.0,30.0,9.62437823063,991.714763385
45.0,20.0,9.62489315137,828.571593065
34.0,58.0,9.6249267069,426.677026021
35.0,26.0,9.62506487576,4329.97905351
36.0,25.0,9.62537278427,3752.45487164
21.0,38.0,9.62563234881,774.04996641
38.0,40.0,9.62569892508,1676.86156148
7.0,35.0,9.6260518349,306.299715226
6.0,35.0,9.6260518349,265.999122793
8.0,35.0,9.6260518349,302.197842735
6.0,36.0,9.6260518349,257.032455237
41.0,28.0,9.62625732098,4762.81532898
19.0,48.0,9.62676733781,268.016323832
32.0,21.0,9.62690493202,1206.89342973
53.0,7.0,9.62696722705,148.232340235
53.0,6.0,9.62696722705,148.335326956
56.0,7.0,9.62696722705,117.636920209
55.0,8.0,9.62696722705,130.222646566
54.0,8.0,9.62696722705,133.921601256
55.0,7.0,9.62696722705,125.42540616
56.0,6.0,9.62696722705,116.6774817
55.0,6.0,9.62696722705,124.363136482
54.0,7.0,9.62696722705,132.852894159
54.0,6.0,9.62696722705,138.286673149
24.0,33.0,9.62710421649,1613.50793587
57.0,41.0,9.62745217717,307.876091756
25.0,14.0,9.62750552824,327.118374187
20.0,15.0,9.62757954388,272.830768358
40.0,40.0,9.6279244241,2544.16936677
28.0,41.0,9.62793457224,1123.6854093
14.0,36.0,9.62819502019,391.092500977
35.0,22.0,9.6287125864,1170.82194748
44.0,50.0,9.62873607174,646.614757278
25.0,46.0,9.62886452377,521.857911094
18.0,11.0,9.62890763956,263.432989362
36.0,9.0,9.62894179725,344.532765584
45.0,19.0,9.62910058373,728.744592694
10.0,37.0,9.62930917095,264.892211593
49.0,16.0,9.62950766363,381.980277453
33.0,28.0,9.62974236826,4565.23238848
25.0,29.0,9.62985552353,1980.99990397
34.0,23.0,9.62995071718,1898.76383506
37.0,40.0,9.62999413783,2037.88353769
18.0,26.0,9.6302758424,326.050916744
48.0,16.0,9.63045557164,448.070415887
17.0,44.0,9.63049093085,318.851643074
37.0,51.0,9.6309957648,460.094911129
34.0,42.0,9.63118147322,1763.98612579
29.0,61.0,9.63131269311,240.850998478
27.0,60.0,9.63131269311,233.271981852
28.0,61.0,9.63131269311,222.725267456
28.0,59.0,9.63131269311,255.235247269
27.0,61.0,9.63131269311,209.72973973
27.0,59.0,9.63131269311,251.37085723
28.0,60.0,9.63131269311,241.737930478
29.0,60.0,9.63131269311,242.876025369
50.0,41.0,9.6316580522,690.698116983
37.0,11.0,9.63194751268,350.562901389
30.0,14.0,9.63195593093,401.944973234
38.0,52.0,9.63201109843,450.398192075
28.0,36.0,9.63209494431,1696.49710835
33.0,11.0,9.63280985268,367.505671826
44.0,19.0,9.63426908182,803.035534427
21.0,40.0,9.63455547707,631.320812337
37.0,10.0,9.6345787755,342.428413434
22.0,42.0,9.634876373,469.269950636
28.0,37.0,9.63495069504,1900.83670409
38.0,26.0,9.6351400301,4209.38074002
58.0,28.0,9.63538107581,423.792254447
27.0,30.0,9.63544657797,2067.34842059
53.0,36.0,9.63576344713,804.339621734
31.0,43.0,9.63579200292,1428.87261181
57.0,33.0,9.63721945948,428.210628226
20.0,11.0,9.6377131349,347.530103111
33.0,8.0,9.63774447967,326.468226778
21.0,60.0,9.63811890692,224.341026785
23.0,59.0,9.63811890692,228.711845229
23.0,61.0,9.63811890692,222.014992421
21.0,61.0,9.63811890692,205.182756977
22.0,59.0,9.63811890692,235.902231517
22.0,60.0,9.63811890692,231.432992108
21.0,59.0,9.63811890692,232.607193935
22.0,61.0,9.63811890692,215.782865047
23.0,60.0,9.63811890692,218.111247892
21.0,26.0,9.63956903176,489.208706709
40.0,38.0,9.63965291144,1958.9340583
39.0,15.0,9.63971875058,526.958195406
20.0,41.0,9.63988753626,457.566587427
36.0,22.0,9.64001670044,1350.89200587
24.0,11.0,9.64004168015,364.562089654
17.0,29.0,9.64005908807,335.893428959
8.0,33.0,9.64019625081,380.679519209
22.0,15.0,9.64019955944,394.524144657
59.0,39.0,9.64026110848,248.125607017
32.0,47.0,9.64066182257,923.578309084
14.0,30.0,9.64079122341,352.038651596
63.0,36.0,9.64136950704,200.235418206
53.0,33.0,9.64148072374,813.24101188
27.0,63.0,9.64159797363,233.009983484
26.0,63.0,9.64159797363,219.058283035
25.0,64.0,9.64159797363,209.968236854
25.0,62.0,9.64159797363,225.677724353
26.0,64.0,9.64159797363,212.263415229
26.0,62.0,9.64159797363,219.849065652
26.0,65.0,9.64159797363,193.864721465
27.0,64.0,9.64159797363,220.4649217
24.0,63.0,9.64159797363,225.495639838
27.0,62.0,9.64159797363,229.842467355
25.0,63.0,9.64159797363,211.382601557
26.0,61.0,9.64159797363,239.476381097
33.0,23.0,9.64221871676,1972.23286047
56.0,32.0,9.64233478873,453.93076992
18.0,37.0,9.64245518195,541.477425294
31.0,14.0,9.64259444369,352.458491873
37.0,25.0,9.64296404891,4147.65644321
21.0,46.0,9.64346805259,349.302474917
52.0,11.0,9.64385968583,184.448401364
25.0,54.0,9.64417111344,237.006417841
63.0,31.0,9.6442241943,155.423265045
31.0,42.0,9.644272274,1276.44408021
20.0,12.0,9.64433720887,311.048531882
25.0,24.0,9.64452254512,714.175744471
39.0,42.0,9.64479437416,1793.37178033
59.0,21.0,9.64526803427,191.599284718
26.0,24.0,9.64528370156,816.382563376
37.0,16.0,9.64550597069,499.968189395
17.0,32.0,9.64565369209,509.513803847
23.0,10.0,9.64584612695,309.447698205
40.0,18.0,9.64595716377,758.924677494
32.0,44.0,9.64620202903,980.616603623
50.0,28.0,9.64636596466,981.951969008
64.0,36.0,9.64649744726,151.633156215
56.0,26.0,9.64669497498,404.817905365
30.0,21.0,9.64670755168,1259.50115297
24.0,22.0,9.64674000616,567.304909433
28.0,22.0,9.64711737115,1144.82778188
32.0,27.0,9.64719929213,2961.41981199
34.0,41.0,9.64735724357,1996.94937799
25.0,36.0,9.64741238201,1326.54356249
25.0,25.0,9.64765525613,748.169657336
24.0,20.0,9.64792344743,411.856949092
25.0,15.0,9.6480420644,382.559406487
31.0,40.0,9.64810363687,1412.10703121
38.0,19.0,9.64859901261,1075.86019474
13.0,13.0,9.64872219298,222.797512732
35.0,20.0,9.64881664358,1286.34465699
17.0,42.0,9.64905132821,396.964479226
12.0,35.0,9.64917977563,255.755697588
43.0,13.0,9.64929703035,433.529203488
39.0,50.0,9.64976799089,680.864870596
12.0,38.0,9.64981550188,284.776390099
32.0,28.0,9.64984811793,2728.81785402
12.0,27.0,9.64998261761,224.519008028
31.0,32.0,9.65018363621,4196.20368282
23.0,49.0,9.65093774099,234.239306981
60.0,37.0,9.65108524423,212.767439768
21.0,42.0,9.65126937363,462.64646244
32.0,46.0,9.6513840196,954.600168236
15.0,48.0,9.65139018207,260.137646837
33.0,17.0,9.65140077878,659.923180103
11.0,23.0,9.65149377118,233.561955469
15.0,29.0,9.65161434866,383.699844203
30.0,31.0,9.6516537287,2754.5699131
30.0,43.0,9.65179338325,1283.55738415
9.0,37.0,9.65211153835,241.034148944
24.0,19.0,9.65222461697,371.56359086
42.0,3.0,9.65251485113,221.093439218
42.0,1.0,9.65251485113,195.374600629
43.0,4.0,9.65251485113,240.089047413
42.0,4.0,9.65251485113,243.857568809
44.0,1.0,9.65251485113,192.443419506
41.0,1.0,9.65251485113,201.364300496
45.0,2.0,9.65251485113,192.636701702
43.0,1.0,9.65251485113,196.026658885
41.0,4.0,9.65251485113,252.585657768
45.0,1.0,9.65251485113,185.815035859
41.0,3.0,9.65251485113,229.884041601
42.0,2.0,9.65251485113,203.959246575
44.0,4.0,9.65251485113,230.776752909
43.0,0.0,9.65251485113,191.405462082
44.0,0.0,9.65251485113,182.939453346
41.0,2.0,9.65251485113,209.373161216
44.0,3.0,9.65251485113,220.836768305
45.0,0.0,9.65251485113,177.955114993
45.0,3.0,9.65251485113,209.859071359
42.0,0.0,9.65251485113,192.172288754
43.0,2.0,9.65251485113,205.823743158
44.0,2.0,9.65251485113,203.510483865
43.0,3.0,9.65251485113,221.417157573
41.0,29.0,9.65255737282,7063.5934741
15.0,36.0,9.65281151995,353.715788035
64.0,29.0,9.65288408754,250.698204966
57.0,27.0,9.65353942961,438.467629482
49.0,19.0,9.65398568603,524.266528154
17.0,41.0,9.65398744302,344.159507952
17.0,11.0,9.65420788378,257.906978703
34.0,52.0,9.65426210873,493.591363232
24.0,26.0,9.65495587428,904.469551078
15.0,13.0,9.65503693826,197.103305972
20.0,32.0,9.65536192126,626.09532605
40.0,15.0,9.65554107489,595.104917042
50.0,27.0,9.65577629664,838.490389073
40.0,28.0,9.65579743086,3461.93719208
48.0,24.0,9.65614941745,946.494720461
16.0,37.0,9.65639080205,337.059878418
24.0,28.0,9.65645211722,1194.99859825
14.0,23.0,9.65668226062,242.953791525
32.0,29.0,9.6569419026,3483.75679731
16.0,38.0,9.65721042259,343.139706
19.0,24.0,9.65725507691,388.809294147
43.0,27.0,9.65756902486,2915.36549444
33.0,29.0,9.65806517928,5976.3829408
19.0,14.0,9.65838921009,268.487227316
30.0,12.0,9.65877156888,333.190756522
52.0,23.0,9.659166335,515.726982135
33.0,25.0,9.65997639841,3427.47239529
14.0,28.0,9.6600960841,283.625392288
60.0,21.0,9.66013862121,227.104595351
47.0,65.0,9.66017173833,219.141736659
45.0,65.0,9.66017173833,201.988363183
46.0,66.0,9.66017173833,209.67645367
46.0,65.0,9.66017173833,216.134584023
44.0,65.0,9.66017173833,190.108840152
45.0,66.0,9.66017173833,200.18836999
39.0,38.0,9.66044405642,2589.25980113
49.0,15.0,9.66054357106,442.656313236
49.0,41.0,9.66060370935,814.019935592
20.0,6.0,9.66114586672,167.344848627
41.0,68.0,9.6616565311,160.262591659
26.0,16.0,9.66180389108,466.802194438
17.0,40.0,9.66186370471,283.722947125
18.0,40.0,9.66186370471,312.005734847
10.0,30.0,9.66193697898,314.957655674
15.0,37.0,9.66197619982,397.798043938
37.0,42.0,9.66222865502,2040.91304068
43.0,67.0,9.66227500194,239.368617747
44.0,67.0,9.66227500194,245.763156282
43.0,66.0,9.66227500194,240.804891634
44.0,66.0,9.66227500194,247.338782603
31.0,33.0,9.66272979954,4091.48648784
42.0,29.0,9.66274481957,4122.4622375
12.0,23.0,9.66279171679,250.009478552
43.0,10.0,9.66286813056,434.213887644
23.0,32.0,9.66302142271,1573.25762605
28.0,51.0,9.66319814832,330.530146194
36.0,50.0,9.66379434151,652.31095902
50.0,26.0,9.6643072179,759.259432836
49.0,26.0,9.66441856027,866.086653487
33.0,22.0,9.66447194584,1615.37108759
59.0,33.0,9.66466124153,415.128733829
60.0,33.0,9.66478117532,243.458208826
35.0,32.0,9.66519011343,18035.3024825
19.0,15.0,9.66539201911,259.304826959
50.0,23.0,9.66553495167,648.024714713
34.0,14.0,9.66575461372,549.96351806
20.0,51.0,9.66608417111,229.779131918
44.0,20.0,9.66611336525,807.551410402
14.0,49.0,9.66620443539,233.741650301
13.0,50.0,9.66620443539,237.899333367
14.0,50.0,9.66620443539,225.048670939
13.0,49.0,9.66620443539,226.347064803
15.0,50.0,9.66620443539,230.403198687
22.0,8.0,9.66626211296,266.302228495
35.0,52.0,9.66635988387,484.896488203
24.0,18.0,9.66648704107,473.396673396
36.0,11.0,9.66691422334,324.97892118
28.0,31.0,9.66692230816,2146.62780788
39.0,54.0,9.66699554762,495.806577716
28.0,38.0,9.66701868274,1849.82994144
58.0,19.0,9.66724099126,357.488251345
44.0,12.0,9.66753167207,355.350973406
15.0,28.0,9.66775264798,323.326193765
38.0,50.0,9.66787855327,561.238502178
41.0,15.0,9.6679053479,578.858343915
42.0,27.0,9.66815798538,3077.4135593
52.0,6.0,9.66856095764,173.097639595
51.0,5.0,9.66856095764,157.539061753
51.0,7.0,9.66856095764,164.950672097
51.0,6.0,9.66856095764,158.009176036
52.0,7.0,9.66856095764,168.4780149
43.0,39.0,9.66886523721,2339.70440066
18.0,14.0,9.66923731622,345.578797106
56.0,13.0,9.66927218743,316.760631846
56.0,14.0,9.66927218743,326.520165135
20.0,13.0,9.66940304838,309.487600383
23.0,33.0,9.66957164272,1502.17281326
20.0,14.0,9.66958526579,299.167375293
57.0,43.0,9.66971337158,381.495763956
40.0,16.0,9.66987932028,641.328740014
38.0,7.0,9.67005510555,238.799727596
28.0,20.0,9.67040312963,577.324803615
19.0,52.0,9.67090529087,326.358227879
58.0,21.0,9.67158524224,218.513010952
30.0,53.0,9.67164530115,432.84261349
29.0,35.0,9.67172745165,2138.7412935
38.0,18.0,9.67204132502,739.974824004
20.0,19.0,9.67211550203,368.502549488
44.0,36.0,9.67233677607,2744.8817006
33.0,44.0,9.67235688118,1076.88627697
33.0,51.0,9.67307145924,480.697674557
28.0,32.0,9.6731571807,2522.91963897
61.0,20.0,9.67415239979,179.894671494
33.0,50.0,9.67456659795,568.099484404
40.0,17.0,9.674772616,655.509916321
48.0,25.0,9.67489734772,997.809645642
19.0,17.0,9.67490692383,301.507610774
61.0,30.0,9.67507225164,247.645057945
43.0,30.0,9.67507383497,4050.75926454
38.0,16.0,9.67515198803,529.025788164
36.0,54.0,9.67518994907,451.229604641
47.0,19.0,9.67591776894,666.156714388
42.0,19.0,9.67658676683,887.522871986
29.0,39.0,9.6766304793,1736.02273
39.0,39.0,9.67752371769,2221.59560782
34.0,20.0,9.67768600499,1035.37119613
11.0,36.0,9.67792790674,282.799097526
51.0,23.0,9.6779747089,735.611908842
53.0,10.0,9.67803262697,222.921201182
29.0,37.0,9.6780396547,1776.05104342
37.0,26.0,9.67823462269,4988.91525867
22.0,29.0,9.67840575469,992.220708319
33.0,61.0,9.67851388254,254.846097383
33.0,62.0,9.67851388254,239.705977407
34.0,62.0,9.67851388254,251.612207838
34.0,61.0,9.67851388254,262.996365166
58.0,24.0,9.67928778257,412.27963556
24.0,30.0,9.67974310874,1749.40361099
62.0,27.0,9.67990323192,300.112747168
12.0,34.0,9.6801036984,273.789219436
22.0,26.0,9.68028878412,526.491201856
36.0,59.0,9.68047930008,252.014333644
23.0,20.0,9.68055336671,427.027182192
63.0,32.0,9.68087630712,200.105583018
29.0,21.0,9.68098296623,914.333489642
31.0,60.0,9.68110245046,219.987578717
26.0,55.0,9.68111798158,234.234232496
56.0,41.0,9.68158930949,397.515764098
18.0,13.0,9.68166031348,321.027497948
42.0,67.0,9.68187955696,158.467681591
28.0,11.0,9.68200665971,394.31867369
29.0,13.0,9.6820921087,333.861516226
54.0,18.0,9.68247200628,360.194853575
34.0,27.0,9.68247983424,3903.12999872
65.0,37.0,9.68294106664,157.414248125
37.0,27.0,9.68299090546,6352.03999339
37.0,18.0,9.6840558214,795.297455057
36.0,21.0,9.68410759298,1395.23520901
16.0,28.0,9.68454144836,389.761141907
39.0,41.0,9.68496633114,2095.70773135
25.0,22.0,9.68539593558,526.531033252
24.0,55.0,9.68539966762,311.168023986
22.0,55.0,9.68539966762,288.106165126
23.0,55.0,9.68539966762,301.994159671
62.0,26.0,9.68611422794,347.857665927
20.0,33.0,9.68614910159,700.97554789
57.0,16.0,9.68621137378,147.148156079
16.0,55.0,9.68648694057,230.238276032
17.0,56.0,9.68648694057,262.916090883
16.0,56.0,9.68648694057,243.933542332
28.0,5.0,9.68652556247,227.730656568
19.0,34.0,9.68653385139,738.005078722
31.0,29.0,9.68669602449,3319.47385143
50.0,40.0,9.68684574773,736.740902176
38.0,13.0,9.68689901557,557.171995545
21.0,15.0,9.68757082017,324.307663762
58.0,41.0,9.68763308311,363.046205652
38.0,42.0,9.68767052394,1795.1598406
16.0,41.0,9.68771911545,304.219843954
22.0,43.0,9.68793642949,413.861909276
25.0,9.0,9.6881678992,334.584313871
31.0,16.0,9.68819438113,544.636182192
29.0,22.0,9.68820612475,1142.15427042
27.0,38.0,9.68822690161,1179.04048826
53.0,8.0,9.68839134672,158.46408144
37.0,41.0,9.68887309825,2256.60496032
54.0,14.0,9.68904925257,384.952625725
26.0,37.0,9.68916914023,1368.25830432
55.0,39.0,9.68927830299,662.68548391
57.0,17.0,9.6894080382,177.150622127
60.0,43.0,9.68979143286,191.890256548
61.0,43.0,9.68979143286,183.493769905
24.0,29.0,9.68991507048,1318.68427079
24.0,10.0,9.69014502248,367.210764701
49.0,12.0,9.690169539,416.541690652
15.0,20.0,9.69023849669,304.617854062
50.0,44.0,9.69063933981,791.088262036
29.0,23.0,9.69071442744,1347.07957282
33.0,41.0,9.69130400363,2010.65799584
63.0,25.0,9.69131473548,234.040854696
31.0,10.0,9.69140989319,419.157240674
38.0,49.0,9.6917321578,713.731274285
28.0,19.0,9.69174612267,545.939540226
35.0,42.0,9.69181292904,1638.78738189
56.0,16.0,9.69184939189,178.026986367
31.0,19.0,9.69204237879,518.962249426
20.0,36.0,9.69252099497,780.096357296
18.0,22.0,9.69252911981,374.113404418
44.0,33.0,9.69260904142,3109.56786454
25.0,20.0,9.69264532459,399.27453156
20.0,26.0,9.69287624339,407.942257611
49.0,18.0,9.6929393524,507.917653884
25.0,55.0,9.69312082797,254.636778065
33.0,27.0,9.69346303228,4401.39096277
22.0,5.0,9.69355785585,178.575478389
22.0,6.0,9.69355785585,191.683529874
28.0,24.0,9.69359972001,1533.42924562
57.0,44.0,9.694276285,318.513765886
44.0,31.0,9.69452884864,3133.63361684
24.0,8.0,9.69515554877,285.380503635
28.0,14.0,9.69516961969,353.471555725
16.0,51.0,9.69520609404,147.369433922
14.0,54.0,9.6952557266,226.133407389
15.0,55.0,9.6952557266,235.188753599
15.0,54.0,9.6952557266,232.796820082
14.0,55.0,9.6952557266,228.379652709
54.0,65.0,9.6953778212,126.67519464
55.0,64.0,9.6953778212,121.466679984
56.0,64.0,9.6953778212,121.421614535
38.0,41.0,9.69538741989,2016.48891199
37.0,24.0,9.69546911395,2920.11192526
33.0,20.0,9.69561202093,1041.01654211
43.0,9.0,9.69567009257,320.164342786
33.0,57.0,9.69592483388,374.684024531
18.0,44.0,9.69633080295,356.276220119
44.0,32.0,9.69643817637,3110.81814265
30.0,34.0,9.69758622157,3302.00263268
32.0,38.0,9.69808862738,2582.73766474
33.0,58.0,9.69808983735,447.679417611
28.0,42.0,9.69810378008,1265.22399841
20.0,34.0,9.6981055669,695.490743016
31.0,30.0,9.6981520812,4091.30397076
32.0,43.0,9.69819727164,1279.44890285
40.0,37.0,9.69894956066,2583.77058522
29.0,24.0,9.69895801764,1534.01348533
18.0,35.0,9.69917204052,525.098960081
33.0,42.0,9.69930769958,1835.85557166
58.0,42.0,9.69964991031,361.459728352
18.0,33.0,9.6998128049,441.943876282
42.0,30.0,9.69984167342,4609.22666975
49.0,17.0,9.6999276067,398.380747173
35.0,21.0,9.70037946811,1153.83021259
64.0,23.0,9.70052425127,145.169829455
64.0,24.0,9.70052425127,144.960923004
63.0,23.0,9.70052425127,160.156664878
63.0,24.0,9.70052425127,160.678096353
25.0,49.0,9.70071265913,346.057024723
28.0,33.0,9.70100616973,2337.40270152
22.0,12.0,9.70102509456,258.557752943
41.0,36.0,9.70107264418,3553.15924222
32.0,42.0,9.70151715787,1476.63741295
13.0,23.0,9.70155511885,353.212610199
41.0,39.0,9.70200100965,2835.15356215
25.0,7.0,9.70203991327,298.885278836
44.0,34.0,9.70217012039,3003.81149372
42.0,39.0,9.70228996874,2859.42237516
61.0,36.0,9.70274962394,220.404786038
29.0,36.0,9.70285445174,1866.57648823
31.0,35.0,9.7028831438,4668.62491454
10.0,28.0,9.70289905332,259.383875174
12.0,29.0,9.70290219165,274.621493793
19.0,21.0,9.70290560843,417.571391421
22.0,27.0,9.70303846038,684.307444076
32.0,37.0,9.7031466464,2780.83990753
30.0,35.0,9.70329713492,3375.76648668
40.0,36.0,9.70335069356,5014.28463176
55.0,14.0,9.70364430677,369.955114808
55.0,15.0,9.70364430677,403.314616438
26.0,49.0,9.70412551263,373.520400804
38.0,51.0,9.70449805234,567.976753098
57.0,21.0,9.70452445856,312.610113688
37.0,17.0,9.70463001622,601.77647564
26.0,11.0,9.7052026539,383.77480325
36.0,42.0,9.70585299372,1685.25861787
22.0,52.0,9.70644866662,238.779805859
20.0,8.0,9.70655730492,313.518753437
20.0,10.0,9.70655730492,347.639282504
19.0,8.0,9.70655730492,305.7740762
20.0,9.0,9.70655730492,321.479673568
52.0,39.0,9.70659517972,890.514336007
34.0,44.0,9.70688246515,1301.68769723
53.0,11.0,9.70708096346,267.527919346
26.0,10.0,9.70715275651,375.44333084
19.0,27.0,9.7075835749,464.518374657
36.0,53.0,9.70759533363,554.537793883
22.0,54.0,9.70797421334,219.807945048
58.0,27.0,9.70823073054,505.624831537
39.0,18.0,9.70843623116,781.911763836
64.0,32.0,9.70855451067,176.824463698
31.0,20.0,9.70886456654,784.024341108
23.0,29.0,9.70898130455,970.831574268
38.0,27.0,9.70930093217,5762.27672714
41.0,35.0,9.70930579179,4637.86034144
33.0,40.0,9.70990100508,2392.53321113
18.0,25.0,9.71029564472,364.393588234
26.0,25.0,9.7104578586,1141.19100766
23.0,15.0,9.71062296706,360.213019333
33.0,38.0,9.71075481508,3187.78980171
19.0,33.0,9.71080519466,685.95249446
25.0,10.0,9.71095711598,364.682690543
38.0,14.0,9.7112624813,545.019752927
22.0,17.0,9.7115045937,399.869872646
34.0,29.0,9.71151592348,7306.75754557
17.0,34.0,9.7117264138,460.621233445
32.0,14.0,9.7129002472,435.464446051
30.0,29.0,9.71298555691,2326.45493838
20.0,44.0,9.71298702384,327.084695754
51.0,39.0,9.71310975896,909.342372966
12.0,12.0,9.71348156291,241.663964537
58.0,39.0,9.71364985347,288.930039439
31.0,17.0,9.71370688862,609.433348208
38.0,12.0,9.71376832657,442.694542862
10.0,23.0,9.713841155,251.396838973
31.0,57.0,9.71396404101,384.186236471
30.0,57.0,9.71396404101,378.490696101
37.0,36.0,9.71413451843,7871.42003103
29.0,27.0,9.71416031943,2515.83713827
44.0,35.0,9.71446015809,3020.34788656
19.0,11.0,9.71459640337,301.778909166
11.0,37.0,9.71479583545,298.405452205
25.0,38.0,9.71501634013,1445.65411269
52.0,20.0,9.71540035415,550.933965246
43.0,32.0,9.71575076456,4528.52092053
43.0,31.0,9.71584211924,4228.53453663
40.0,34.0,9.7158922669,7353.73690105
36.0,13.0,9.71628132982,396.14574013
41.0,30.0,9.71646691705,6408.53597291
51.0,40.0,9.71650008054,870.802380594
21.0,18.0,9.71650976625,424.044617187
56.0,27.0,9.71677760428,394.029080728
10.0,27.0,9.71685512074,274.707472849
20.0,42.0,9.71687096442,397.756384437
33.0,26.0,9.71689902137,3846.76514928
41.0,38.0,9.71693247508,2891.1805494
25.0,37.0,9.71694389938,1307.89569694
18.0,53.0,9.71694476038,256.656547323
63.0,28.0,9.71707446691,265.773976321
19.0,22.0,9.71761391704,461.286987933
16.0,50.0,9.71806006299,185.650834921
54.0,20.0,9.71820691706,507.833657026
50.0,13.0,9.71823039116,397.614576749
13.0,12.0,9.71843853022,154.986843355
27.0,21.0,9.71912326386,636.046240922
22.0,28.0,9.71929059201,866.633887798
24.0,32.0,9.71943045344,1444.2219552
18.0,46.0,9.72019992367,344.660674637
34.0,51.0,9.72045669361,455.82233303
19.0,10.0,9.72051279801,299.462930426
31.0,18.0,9.72101076978,568.895357938
28.0,17.0,9.72105552744,509.793547903
30.0,10.0,9.72116925573,398.255020242
62.0,35.0,9.72134200028,296.227557435
63.0,35.0,9.72134200028,286.39147003
51.0,22.0,9.72137671694,566.016625678
9.0,31.0,9.72138437576,284.222092544
64.0,42.0,9.72170022806,123.174026208
63.0,42.0,9.72170022806,136.656777058
65.0,42.0,9.72170022806,114.593870969
66.0,41.0,9.72170022806,113.221098667
65.0,41.0,9.72170022806,113.726913337
64.0,41.0,9.72170022806,128.569630776
65.0,40.0,9.72170022806,121.956739326
64.0,40.0,9.72170022806,132.876837404
37.0,54.0,9.72175231972,562.730224215
36.0,52.0,9.72180398585,477.458242319
29.0,7.0,9.7218717791,349.476019822
27.0,58.0,9.72224078188,281.622195973
31.0,36.0,9.72243508504,3931.93365504
22.0,7.0,9.72252628265,181.490340276
24.0,49.0,9.72284799679,288.30351691
20.0,22.0,9.72298328913,467.980029579
30.0,33.0,9.72369751766,3420.87458207
43.0,38.0,9.72383205118,2557.14792899
25.0,8.0,9.72398342587,285.670779751
20.0,47.0,9.72448722291,302.504329327
41.0,37.0,9.72455637342,3341.97240068
13.0,26.0,9.72471427123,269.626955511
19.0,40.0,9.72496152648,571.5992097
37.0,39.0,9.72511657596,2287.80968799
15.0,23.0,9.72513194451,278.303154818
21.0,54.0,9.72533003936,212.885780867
25.0,40.0,9.72558929114,1265.22634316
31.0,38.0,9.72575079755,2515.94082127
19.0,16.0,9.72622161469,288.818094067
56.0,44.0,9.72629828411,449.88855933
30.0,20.0,9.72634568765,764.615706154
25.0,11.0,9.7264879898,351.145371593
29.0,12.0,9.72679024703,412.32946164
35.0,41.0,9.7268406096,2179.42487908
25.0,45.0,9.72702813472,753.804859337
25.0,21.0,9.7272667023,490.888257642
26.0,51.0,9.72747614796,280.986484448
18.0,27.0,9.72747681501,390.649252055
19.0,13.0,9.72751133125,324.684068547
16.0,49.0,9.7275899759,240.486800073
54.0,37.0,9.72764783898,551.009488684
32.0,13.0,9.72765060213,376.843393603
54.0,27.0,9.72771204646,592.871970918
53.0,22.0,9.72799662192,731.323978413
50.0,10.0,9.72805101297,317.766133486
51.0,10.0,9.72805101297,296.624908883
49.0,10.0,9.72805101297,357.39172529
18.0,23.0,9.7281306203,371.299604363
25.0,27.0,9.72819070478,1385.86704089
34.0,21.0,9.7289862714,1144.29760525
13.0,29.0,9.7290442719,299.108986436
17.0,21.0,9.72926620799,352.309555535
46.0,11.0,9.72926854997,413.007010465
54.0,22.0,9.72974191255,524.802343919
26.0,14.0,9.72975496882,345.367302493
34.0,24.0,9.72987105509,2651.29226126
6.0,37.0,9.73005346994,311.310891308
41.0,31.0,9.73010255574,6778.00440381
40.0,35.0,9.73018996238,5338.05343915
54.0,13.0,9.73022613787,373.904004954
56.0,40.0,9.73026215741,340.488892366
45.0,11.0,9.73032497489,405.478119496
30.0,32.0,9.73034591844,3067.74506311
29.0,34.0,9.7303806763,2383.65158359
33.0,15.0,9.73053639886,639.669698718
18.0,24.0,9.73057036789,358.839769115
61.0,24.0,9.73070935756,314.877658744
34.0,28.0,9.73071285461,5733.60611274
39.0,27.0,9.73085447933,4870.67001624
9.0,34.0,9.73099663533,354.092473484
37.0,14.0,9.73106889201,516.742480901
12.0,48.0,9.73146568151,199.050949994
35.0,31.0,9.73167036515,16737.7242199
42.0,35.0,9.7320589778,2772.57695212
53.0,12.0,9.73212293643,291.729774291
53.0,14.0,9.73212293643,336.059920943
53.0,13.0,9.73212293643,314.611889881
52.0,12.0,9.73212293643,306.635008088
15.0,27.0,9.73269819415,339.11659288
17.0,55.0,9.73281709685,262.942252928
41.0,34.0,9.73372375375,6806.21586643
62.0,28.0,9.73451324953,179.651174264
62.0,30.0,9.73451324953,180.181510156
62.0,29.0,9.73451324953,181.814733382
56.0,22.0,9.73480156837,373.253456235
10.0,36.0,9.73504231895,267.381081274
37.0,12.0,9.73518238994,385.399167
34.0,22.0,9.73536030009,1541.78280361
39.0,8.0,9.73538678355,286.754702846
20.0,29.0,9.73581586551,595.346092073
30.0,30.0,9.73609775164,2680.95008822
32.0,26.0,9.73620660118,2774.85858155
9.0,51.0,9.73626714332,178.96515467
9.0,52.0,9.73626714332,171.381561459
11.0,53.0,9.73626714332,159.923696098
10.0,53.0,9.73626714332,164.257291968
10.0,51.0,9.73626714332,182.249476658
11.0,51.0,9.73626714332,179.303189938
12.0,51.0,9.73626714332,195.998116843
9.0,53.0,9.73626714332,164.936706108
10.0,54.0,9.73626714332,159.049313747
12.0,52.0,9.73626714332,183.719170985
11.0,52.0,9.73626714332,165.328931845
10.0,52.0,9.73626714332,170.535690103
12.0,53.0,9.73626714332,155.357749931
9.0,54.0,9.73626714332,159.082870269
8.0,54.0,9.73626714332,159.217412644
50.0,14.0,9.73645771497,316.948967201
56.0,33.0,9.7365483809,386.741917728
13.0,48.0,9.73657423474,257.414651328
21.0,8.0,9.73665043497,295.211633009
34.0,55.0,9.73665552808,325.847780382
50.0,9.0,9.73804645099,244.203005307
43.0,12.0,9.73817454081,350.283093763
22.0,45.0,9.73817575694,398.044950386
51.0,9.0,9.73838326823,267.796035198
20.0,7.0,9.73886838031,223.869469342
37.0,50.0,9.73964734903,534.405986518
12.0,37.0,9.74037664104,310.99640838
12.0,30.0,9.74050824846,354.356383617
26.0,38.0,9.74053498948,1559.74034241
22.0,44.0,9.74088725158,414.770869615
63.0,29.0,9.74096079565,209.053129787
36.0,51.0,9.74119078129,490.470172445
38.0,28.0,9.74134019789,8266.83131048
34.0,50.0,9.74165222099,651.571210203
30.0,42.0,9.74165522382,1384.57704658
29.0,17.0,9.74219762819,523.571453913
58.0,31.0,9.74226683751,428.045784296
33.0,34.0,9.74243894788,7474.76462288
51.0,12.0,9.74259355029,331.288302282
13.0,19.0,9.74297056876,259.235085027
31.0,53.0,9.74313777134,467.691110573
29.0,31.0,9.74326805706,2474.27612592
60.0,30.0,9.74401777725,388.988729194
60.0,29.0,9.74401777725,393.950030237
29.0,15.0,9.74407054103,372.18359705
30.0,39.0,9.74416292703,1899.25472332
29.0,11.0,9.74439330849,405.946125438
20.0,27.0,9.74442953843,418.03778642
17.0,28.0,9.74452486782,415.439742709
17.0,31.0,9.74485853236,496.809278648
29.0,20.0,9.74490250456,637.117209371
41.0,59.0,9.74501027385,250.971894165
17.0,9.0,9.74516594438,270.09067875
17.0,8.0,9.74516594438,264.784014219
16.0,8.0,9.74516594438,260.990981166
16.0,9.0,9.74516594438,265.517720817
18.0,8.0,9.74516594438,268.501520679
17.0,7.0,9.74516594438,271.02355101
17.0,10.0,9.74516594438,288.018171291
18.0,9.0,9.74516594438,275.721870002
24.0,14.0,9.74550338361,325.945929966
62.0,24.0,9.74564604162,196.134909449
23.0,14.0,9.74585697453,378.700471842
31.0,12.0,9.74629637523,356.95125834
17.0,38.0,9.74637909448,364.896323954
23.0,13.0,9.74645501537,300.887485014
38.0,9.0,9.74659492927,430.283818404
64.0,33.0,9.74689392268,178.274672598
10.0,34.0,9.74706853715,305.227077095
33.0,43.0,9.74715418996,1337.91402078
39.0,53.0,9.74748663915,540.064350512
60.0,32.0,9.74782475639,265.837027539
17.0,15.0,9.74786716765,352.491753119
40.0,39.0,9.74836159117,1973.21197303
16.0,21.0,9.74849405741,331.781970057
35.0,33.0,9.74868972965,18912.5916007
35.0,28.0,9.74929100185,8161.82563841
18.0,45.0,9.74964391712,421.908291068
18.0,28.0,9.74971975793,411.577624712
25.0,16.0,9.74987378274,469.728262274
21.0,29.0,9.74987975135,826.758572788
62.0,32.0,9.75021027181,188.324088533
15.0,12.0,9.75086289282,172.808489253
14.0,27.0,9.75091831409,293.715312601
53.0,18.0,9.75135378107,446.561357219
63.0,44.0,9.75211081761,223.138477563
37.0,29.0,9.75213762709,13179.8191803
39.0,40.0,9.75215687415,2369.22114736
32.0,40.0,9.75223930117,1710.34744319
32.0,32.0,9.7534832734,6295.28650498
39.0,28.0,9.75369275017,6379.81224891
30.0,36.0,9.75401878135,2997.91017046
17.0,25.0,9.75417797456,309.223177566
32.0,5.0,9.75488257611,196.14989738
31.0,5.0,9.75488257611,203.766239581
32.0,6.0,9.75488257611,205.238507457
32.0,7.0,9.75488257611,208.786185348
34.0,26.0,9.7550719424,3531.17306145
53.0,31.0,9.75545174848,906.310919928
33.0,21.0,9.75690953742,1279.39573048
37.0,31.0,9.75692013282,46211.9646013
30.0,16.0,9.75705561254,533.531743295
43.0,37.0,9.75727220811,2812.28719862
55.0,26.0,9.75746019941,560.596582751
12.0,19.0,9.75767642784,257.772721295
29.0,33.0,9.75776562895,2822.75180317
51.0,21.0,9.75786278777,581.050684304
52.0,9.0,9.75830015881,244.088543736
59.0,26.0,9.75885813657,358.055427578
38.0,32.0,9.75896512985,28870.8746702
26.0,20.0,9.75906010091,477.939213669
53.0,32.0,9.75946320097,865.430932682
42.0,60.0,9.75959361,271.399665462
62.0,42.0,9.75962821729,181.789527834
22.0,16.0,9.76019643198,398.218674277
38.0,29.0,9.76039522566,11537.6897194
29.0,32.0,9.76068837284,2581.71086161
35.0,37.0,9.76073225731,4716.53751534
46.0,13.0,9.76081735835,307.81912184
18.0,39.0,9.76134775996,371.469757532
42.0,12.0,9.76141714374,432.703192321
32.0,36.0,9.76155066955,3374.78565976
43.0,11.0,9.76159501899,384.296119025
15.0,49.0,9.76193548519,215.681959637
34.0,25.0,9.76263306359,2833.70321378
24.0,15.0,9.76276365371,386.049271986
42.0,31.0,9.76318369629,4391.23262386
33.0,37.0,9.76353070624,3455.12872079
28.0,16.0,9.76366487164,458.050127972
17.0,37.0,9.76386062784,377.724361848
39.0,16.0,9.76388713829,625.126747332
23.0,9.0,9.76403556511,285.298753614
59.0,43.0,9.7642138567,213.237251528
32.0,33.0,9.76428282368,6880.15574526
28.0,6.0,9.76455169739,274.5144215
19.0,9.0,9.76458537435,317.532773644
29.0,16.0,9.76493610492,495.003065783
31.0,34.0,9.76545227358,4153.16684664
23.0,12.0,9.76575007119,259.099582447
8.0,37.0,9.76581847963,303.696377256
5.0,30.0,9.76594385689,198.529683124
5.0,29.0,9.76594385689,206.005791046
5.0,28.0,9.76594385689,213.751568304
35.0,29.0,9.7660771557,11581.515147
38.0,31.0,9.76619838492,22067.0881193
31.0,39.0,9.76657026756,2078.66870222
59.0,27.0,9.76673522268,411.971915521
27.0,8.0,9.76687154855,358.565958463
11.0,35.0,9.76768594605,296.07674231
6.0,31.0,9.76776778318,229.69995847
6.0,30.0,9.76776778318,237.18185972
58.0,22.0,9.76833033646,276.244503193
54.0,33.0,9.76890637845,472.653602285
61.0,22.0,9.76920779132,210.765654661
53.0,19.0,9.76955953504,551.02575092
29.0,38.0,9.77172741755,1764.92183709
25.0,6.0,9.7719093399,271.805678717
55.0,33.0,9.7721303665,449.874131685
43.0,35.0,9.77224088841,3179.7974428
26.0,54.0,9.77275148442,312.378314577
18.0,10.0,9.77285872419,308.866032907
17.0,17.0,9.77291491316,353.224558401
33.0,36.0,9.77330899655,5334.64087112
43.0,36.0,9.77366595313,3177.88285703
22.0,53.0,9.77412238858,234.24400535
56.0,10.0,9.7741378408,172.701730082
16.0,27.0,9.77424890474,394.449991576
33.0,10.0,9.77426249456,456.774733119
43.0,33.0,9.77458181743,3905.68136013
26.0,39.0,9.77467941027,1231.61563267
35.0,38.0,9.7751302351,3564.21204961
37.0,9.0,9.7753321205,398.07500134
28.0,12.0,9.77587458508,391.787334542
62.0,19.0,9.77615592636,188.375410747
62.0,20.0,9.77615592636,187.80778187
63.0,20.0,9.77615592636,168.442167633
63.0,19.0,9.77615592636,171.403530196
18.0,48.0,9.77617706461,292.560455029
58.0,18.0,9.7762299364,273.994850873
64.0,30.0,9.77634651862,213.037644252
5.0,35.0,9.7766846316,227.733868823
32.0,31.0,9.77679148892,5721.9420538
60.0,25.0,9.7768151027,368.697860697
39.0,52.0,9.77683172952,545.414392747
32.0,11.0,9.77709183326,376.067071592
52.0,14.0,9.77771682629,330.06658068
21.0,52.0,9.7779531502,211.480922401
39.0,37.0,9.77822823743,4421.1773492
63.0,33.0,9.7783697196,197.655877467
33.0,16.0,9.77845502537,687.6586343
16.0,11.0,9.77865235493,196.755988405
27.0,49.0,9.77880987294,424.786870604
58.0,43.0,9.77887080848,269.832301237
52.0,22.0,9.77929302511,592.065541549
51.0,13.0,9.77936568001,325.719785251
11.0,27.0,9.77949380482,266.183585634
30.0,18.0,9.77994687972,535.973960923
60.0,48.0,9.78064677672,200.125145586
38.0,17.0,9.78075043708,596.084433984
5.0,37.0,9.78104728471,228.212699086
19.0,45.0,9.78134183553,354.693627909
42.0,34.0,9.78163797282,3420.58663962
14.0,29.0,9.78183381848,323.10644305
49.0,11.0,9.78194162012,351.373039457
57.0,26.0,9.78203308039,429.020995114
65.0,38.0,9.78243319911,198.681963837
19.0,28.0,9.78247603476,547.175900134
34.0,56.0,9.78278818067,314.426971669
19.0,37.0,9.78281408818,632.446201062
36.0,27.0,9.78332766292,5847.76463935
26.0,8.0,9.78370071458,334.192089266
18.0,12.0,9.78392593177,301.85544172
32.0,30.0,9.78441775218,4431.00177868
41.0,32.0,9.78461352205,7764.11248
29.0,9.0,9.78504363941,343.358262251
58.0,14.0,9.78541960723,154.925866719
57.0,13.0,9.78541960723,151.910314533
58.0,13.0,9.78541960723,145.477440843
57.0,14.0,9.78541960723,158.335535474
34.0,12.0,9.78543248483,414.506723147
34.0,38.0,9.78612187379,3182.44369192
59.0,42.0,9.7862702106,276.7634198
9.0,33.0,9.78643792147,322.328263203
27.0,33.0,9.78647496856,1651.42317379
17.0,50.0,9.78677565644,299.831072839
16.0,25.0,9.78731684226,331.965497198
59.0,22.0,9.7874178471,241.167013764
59.0,31.0,9.7875482457,349.495892229
21.0,27.0,9.78758505841,558.93550193
27.0,14.0,9.78811978494,319.886597131
40.0,32.0,9.78831371248,9972.08280406
42.0,38.0,9.78851756383,2983.74562893
21.0,43.0,9.7891255893,435.189463979
33.0,35.0,9.78987396365,6184.94397015
24.0,31.0,9.79002054731,1664.85166985
31.0,37.0,9.79060756892,3069.00789116
27.0,50.0,9.79147286104,393.847636625
40.0,29.0,9.7918459273,6098.97927509
35.0,39.0,9.79256490454,3341.33069971
60.0,17.0,9.7927246249,185.067375386
61.0,18.0,9.7927246249,194.004435576
61.0,17.0,9.7927246249,181.725275856
60.0,16.0,9.7927246249,169.93852825
60.0,19.0,9.7927246249,202.10316904
60.0,18.0,9.7927246249,203.7008513
10.0,33.0,9.79316611023,333.886185057
34.0,36.0,9.79317727246,4507.40404894
15.0,47.0,9.79348381037,315.688072175
28.0,8.0,9.79376188292,374.759470832
37.0,13.0,9.79377865874,547.78669005
42.0,33.0,9.79422593857,5052.84478132
34.0,39.0,9.79480951771,2767.0168792
54.0,21.0,9.79481748881,511.978811839
61.0,48.0,9.79486420746,181.55869069
42.0,37.0,9.79493163372,3159.19248674
30.0,37.0,9.79513016399,2242.00159394
32.0,34.0,9.79519701875,4693.31413221
31.0,15.0,9.7956022703,453.731572016
30.0,6.0,9.79570232676,333.246935918
25.0,13.0,9.79600706396,360.701577591
20.0,43.0,9.79609985272,437.607038333
12.0,22.0,9.79695969444,291.291269597
32.0,12.0,9.79731233954,324.309116644
32.0,15.0,9.79731988168,516.129137332
65.0,30.0,9.79734744776,168.054832254
65.0,32.0,9.79734744776,174.809771707
65.0,31.0,9.79734744776,170.688771263
51.0,16.0,9.79784112018,417.256262475
16.0,48.0,9.79815763432,315.665151602
59.0,32.0,9.7984899211,348.70333237
36.0,39.0,9.79862457442,2392.51268796
32.0,10.0,9.79911113291,419.616086659
31.0,59.0,9.79927751267,264.885092257
33.0,0.0,9.79954744162,186.831964314
32.0,0.0,9.79954744162,199.366865582
31.0,0.0,9.79954744162,205.444385202
35.0,0.0,9.79954744162,194.75401678
31.0,1.0,9.79954744162,214.444136481
32.0,1.0,9.79954744162,210.381131064
33.0,3.0,9.79954744162,278.945713697
33.0,1.0,9.79954744162,199.00375934
35.0,2.0,9.79954744162,214.237979316
34.0,1.0,9.79954744162,199.547856967
34.0,3.0,9.79954744162,254.442397986
35.0,1.0,9.79954744162,201.612510133
31.0,2.0,9.79954744162,238.514161031
34.0,2.0,9.79954744162,223.693539351
33.0,2.0,9.79954744162,234.99043836
32.0,2.0,9.79954744162,240.612807258
34.0,37.0,9.79961150431,4217.6206512
26.0,6.0,9.79983451127,294.434706487
32.0,35.0,9.80061396736,3669.09209126
24.0,13.0,9.80099461221,298.995243508
18.0,38.0,9.80158086635,414.958244364
55.0,21.0,9.80163673674,453.286879133
39.0,17.0,9.80204036299,686.53496958
61.0,27.0,9.80214228798,267.447358578
16.0,26.0,9.80218585231,352.441212477
9.0,35.0,9.8023103765,303.710415164
33.0,31.0,9.80254977596,10026.2509289
58.0,44.0,9.80281085013,303.176185351
20.0,28.0,9.80376365892,549.668350497
38.0,34.0,9.80397934904,14259.3320842
29.0,30.0,9.80410727511,2240.17940285
34.0,13.0,9.80422581778,542.192645315
42.0,36.0,9.8045130744,2915.18658028
28.0,18.0,9.80454610202,554.462368165
54.0,12.0,9.80462970754,318.063721052
42.0,32.0,9.80472740047,5428.35218535
21.0,28.0,9.80515150396,749.246931254
16.0,36.0,9.80532687036,408.124322829
30.0,17.0,9.80616846285,638.077668649
37.0,28.0,9.80621594997,8554.08259979
17.0,47.0,9.8062615918,322.537666698
40.0,31.0,9.80633297007,9669.55680603
58.0,32.0,9.80634929861,430.48302541
35.0,30.0,9.80721561759,14134.0114343
50.0,15.0,9.80750181281,398.369276484
9.0,32.0,9.80759121317,290.353198894
27.0,39.0,9.80792099842,1080.74327606
61.0,19.0,9.8086172789,188.378057721
21.0,6.0,9.80901071338,170.260315364
34.0,57.0,9.80912164506,401.28951929
28.0,21.0,9.81050620074,811.866642682
17.0,52.0,9.81077498138,179.218796432
61.0,26.0,9.81155574442,292.537645847
17.0,46.0,9.81282913384,397.192523803
61.0,29.0,9.81298029991,246.829889332
63.0,21.0,9.81300280388,159.404544946
5.0,32.0,9.81318844759,206.297227742
32.0,16.0,9.8132454364,645.570481584
17.0,16.0,9.81330450548,372.54261089
23.0,8.0,9.81387442366,289.611102104
12.0,21.0,9.81398519002,275.589918097
60.0,28.0,9.81480557933,372.270859402
10.0,35.0,9.81496837249,279.639531458
33.0,32.0,9.81611961015,10938.5711505
10.0,31.0,9.8161840774,276.60321376
39.0,36.0,9.81723590876,6292.2106831
11.0,33.0,9.81736631138,279.645326269
38.0,8.0,9.8180764963,339.038923979
48.0,20.0,9.81833330925,784.828757542
52.0,15.0,9.81863901904,390.858368795
64.0,22.0,9.81883859281,227.919597297
23.0,17.0,9.81965339555,441.141933927
38.0,36.0,9.81971813855,4996.31454663
36.0,8.0,9.82069118416,349.735262964
29.0,19.0,9.82100517004,547.711255045
34.0,30.0,9.82112927313,10797.0806132
22.0,21.0,9.82157084248,604.565174171
16.0,24.0,9.82188350102,327.302083082
15.0,22.0,9.82211691919,287.624278934
53.0,21.0,9.82216033896,632.024243704
35.0,13.0,9.8228051138,442.093152355
23.0,19.0,9.8234897506,415.780079625
28.0,7.0,9.82362585119,369.864835234
39.0,35.0,9.82381833706,9009.52737182
14.0,13.0,9.82400022725,192.209160719
57.0,40.0,9.82550728702,345.798312757
34.0,43.0,9.82592330986,1496.82215448
36.0,41.0,9.82603204236,2465.94719179
20.0,40.0,9.82607890497,571.356571334
14.0,20.0,9.82623625659,310.581727267
43.0,34.0,9.82625936094,3504.13769305
36.0,28.0,9.82671950541,7266.97562945
37.0,34.0,9.82694448584,26339.0162432
36.0,40.0,9.82696935645,2838.43043576
60.0,36.0,9.82732778079,291.530425803
22.0,18.0,9.82734483594,435.959919135
18.0,47.0,9.8274233175,317.925393053
33.0,39.0,9.82752765598,2712.4587254
51.0,14.0,9.82778514084,371.561537667
21.0,53.0,9.82801194449,200.28996401
17.0,26.0,9.82813319439,349.642206918
28.0,57.0,9.82851057554,306.072762853
9.0,36.0,9.8288008727,251.45698806
10.0,32.0,9.82885046769,293.599710802
40.0,33.0,9.82889000539,9062.9867585
18.0,15.0,9.82916329966,376.31530692
37.0,32.0,9.8292045503,51576.2684616
34.0,40.0,9.83001900938,2495.12439933
29.0,10.0,9.83018618174,404.610507042
60.0,26.0,9.83035723854,330.474498687
18.0,16.0,9.83058261315,332.867912778
41.0,33.0,9.83077677697,9055.54332703
35.0,35.0,9.83088001487,9072.0973459
17.0,36.0,9.83100289744,501.481790944
23.0,16.0,9.83216835732,429.566849597
52.0,21.0,9.83226942079,521.222393139
51.0,15.0,9.83245593014,396.830543912
38.0,35.0,9.83264258321,8822.51445695
19.0,39.0,9.83283334785,590.579237181
35.0,27.0,9.83355577055,5448.23939801
60.0,14.0,9.83401002319,138.894514641
59.0,14.0,9.83401002319,155.210726374
58.0,15.0,9.83401002319,171.114862657
59.0,13.0,9.83401002319,145.289545885
59.0,15.0,9.83401002319,164.16726309
60.0,13.0,9.83401002319,132.807169494
60.0,15.0,9.83401002319,142.397484882
59.0,16.0,9.83504641978,182.751171
48.0,19.0,9.83531345031,647.890122261
33.0,14.0,9.83546767897,540.834417356
28.0,28.0,9.83555027689,2200.61352849
31.0,54.0,9.83574190835,425.303356142
30.0,28.0,9.8359355918,2336.27927329
24.0,9.0,9.83624618363,325.449730743
24.0,17.0,9.83795707061,482.821581737
33.0,30.0,9.83804104445,7376.44008379
35.0,40.0,9.83805458997,2386.54722278
52.0,10.0,9.83890564689,222.796903951
12.0,20.0,9.83912601328,275.352663557
17.0,35.0,9.83913225759,493.782257246
11.0,34.0,9.83928153671,289.283171322
34.0,34.0,9.83936169049,6803.09005844
28.0,10.0,9.83999075637,421.081686817
30.0,19.0,9.84104285822,578.321438467
24.0,16.0,9.84128229241,446.945753903
17.0,27.0,9.84204159223,441.160134579
5.0,36.0,9.8423927127,238.991832825
23.0,30.0,9.84254263987,1318.34413881
19.0,38.0,9.84312949663,559.515405493
26.0,50.0,9.84382686757,398.647025333
37.0,7.0,9.84413277399,295.692583989
33.0,12.0,9.84475533109,374.567576812
37.0,35.0,9.84493973254,12089.3433743
26.0,21.0,9.84535868912,651.419230529
29.0,18.0,9.84674675348,467.290728287
61.0,28.0,9.84750276278,272.842772903
36.0,38.0,9.84754715297,3403.20447029
19.0,41.0,9.84767631965,471.760828171
36.0,37.0,9.84768418366,4203.16113599
28.0,30.0,9.84828340216,2094.38747353
20.0,39.0,9.84894504394,600.594405256
18.0,49.0,9.8489528751,359.919421207
13.0,20.0,9.84989738597,282.803827168
16.0,35.0,9.8503205838,413.310480819
27.0,51.0,9.85052647676,407.913836904
54.0,69.0,9.85139978923,152.097375366
53.0,68.0,9.85139978923,156.735142142
52.0,68.0,9.85139978923,160.590387535
53.0,66.0,9.85139978923,156.222979726
54.0,68.0,9.85139978923,151.402079122
53.0,69.0,9.85139978923,157.080605461
55.0,68.0,9.85139978923,143.916330837
53.0,67.0,9.85139978923,156.378532152
54.0,67.0,9.85139978923,149.508995799
23.0,31.0,9.85147132711,1427.8739659
18.0,17.0,9.85174807802,319.936717775
53.0,20.0,9.85234587714,653.390782755
36.0,32.0,9.85394377199,25866.234006
17.0,22.0,9.85454955703,362.251316249
16.0,47.0,9.85493618461,361.8468064
14.0,22.0,9.85624623153,297.084443875
22.0,20.0,9.85640238299,472.1705882
36.0,30.0,9.85644850266,15227.7438601
28.0,29.0,9.85669333449,2363.25873515
22.0,22.0,9.85697476935,585.929401144
57.0,22.0,9.8574783,383.205789239
26.0,9.0,9.85806192047,345.905280445
53.0,9.0,9.85827299432,211.338391994
18.0,32.0,9.858663273,460.70440823
29.0,42.0,9.86028818746,1311.15909001
32.0,61.0,9.86246539497,272.15167564
38.0,38.0,9.86324665677,3632.97811674
61.0,31.0,9.86340446658,245.354811705
33.0,13.0,9.86387849732,476.343294966
25.0,12.0,9.86422023487,384.065181489
39.0,32.0,9.86489340303,24368.4221699
62.0,44.0,9.86536884257,270.593524887
17.0,23.0,9.86589263173,404.841926478
54.0,31.0,9.866651566,645.839444711
36.0,36.0,9.86719443388,7423.18817783
62.0,25.0,9.8678714343,329.18521749
39.0,29.0,9.8685520902,9888.64558139
38.0,37.0,9.86926309409,5655.34295394
15.0,21.0,9.86985294137,320.910843335
30.0,15.0,9.87007157375,470.796547125
14.0,38.0,9.87023603049,362.971567124
36.0,31.0,9.87047853648,26972.6710067
47.0,12.0,9.87216425106,333.452840725
29.0,29.0,9.87248613018,2416.10123055
55.0,43.0,9.87294460459,572.12853677
19.0,32.0,9.87315921638,643.838758789
5.0,31.0,9.87453141575,209.303652387
37.0,38.0,9.87470707162,3727.41309058
16.0,52.0,9.87841375305,174.36636607
16.0,53.0,9.87841375305,159.322714924
55.0,31.0,9.87913131009,668.166760101
21.0,22.0,9.87916969243,602.755151562
19.0,12.0,9.8793699835,321.260804869
28.0,39.0,9.88029132386,1586.6400429
61.0,25.0,9.88188819997,335.753165862
54.0,32.0,9.88241543934,635.919959635
56.0,15.0,9.88396576615,281.527575152
61.0,32.0,9.88487161815,225.099081762
23.0,18.0,9.88533098228,451.145366701
36.0,12.0,9.88548518471,395.49138724
19.0,47.0,9.88556421438,360.442268816
36.0,29.0,9.88565175211,10931.4600912
27.0,12.0,9.88569273554,364.20773671
20.0,38.0,9.88602697686,611.016159777
31.0,6.0,9.88607398319,265.604712652
30.0,38.0,9.88725663188,2367.66081
29.0,28.0,9.8873728346,2100.56357194
29.0,8.0,9.88801744837,367.046589722
21.0,19.0,9.88813080824,462.106106548
35.0,36.0,9.88895844128,5856.06292877
36.0,33.0,9.89009807727,25035.349186
37.0,33.0,9.89011662246,40261.6435543
28.0,13.0,9.89075464639,383.472627684
55.0,9.0,9.89120417047,206.41514539
17.0,49.0,9.8915504049,347.401383192
62.0,33.0,9.89221401002,237.934600737
17.0,24.0,9.89318394005,395.333603773
59.0,24.0,9.89374405679,347.930685993
34.0,35.0,9.89531029995,6544.7562029
39.0,33.0,9.89639890291,18711.1231539
38.0,33.0,9.89758089147,28795.7542464
24.0,12.0,9.89840701148,356.134497906
17.0,48.0,9.89864813299,329.097539936
39.0,30.0,9.89875642168,15154.1309021
57.0,15.0,9.8996760405,166.358580147
35.0,34.0,9.89988057894,11828.0862069
22.0,19.0,9.90032823592,450.489733943
37.0,37.0,9.90071663644,5000.0982806
58.0,23.0,9.90102659467,333.621965959
45.0,12.0,9.90139409412,439.612609268
33.0,33.0,9.90184014265,9108.86449231
32.0,58.0,9.90428871657,309.492211844
26.0,13.0,9.90482795683,368.919358069
39.0,34.0,9.90627142815,12279.1649075
26.0,12.0,9.90693197404,405.293611556
20.0,53.0,9.90718781003,261.598348697
19.0,53.0,9.90718781003,250.298510122
37.0,30.0,9.90858224916,23269.1546084
66.0,28.0,9.91181021474,185.77647528
67.0,27.0,9.91181021474,174.48222078
67.0,29.0,9.91181021474,184.910199648
65.0,29.0,9.91181021474,205.636206645
65.0,27.0,9.91181021474,205.91233275
66.0,27.0,9.91181021474,187.489352048
66.0,29.0,9.91181021474,190.847235398
65.0,28.0,9.91181021474,206.103458879
67.0,28.0,9.91181021474,182.814711974
27.0,9.0,9.91227649945,380.650405329
56.0,21.0,9.91316107758,366.715281927
3.0,35.0,9.91323075433,213.051583128
3.0,34.0,9.91323075433,216.606157882
4.0,35.0,9.91323075433,211.97467107
4.0,34.0,9.91323075433,215.172150622
5.0,34.0,9.91323075433,210.593487496
4.0,36.0,9.91323075433,212.795572111
35.0,51.0,9.91529945817,593.831486186
60.0,24.0,9.91551530283,281.36490124
60.0,23.0,9.91551530283,281.385280053
61.0,23.0,9.91551530283,271.69101447
60.0,22.0,9.91551530283,273.188498039
36.0,35.0,9.9155850605,10639.8738161
63.0,30.0,9.9158737955,238.239051537
61.0,33.0,9.91890418185,230.04458881
13.0,22.0,9.92146706972,308.933114564
37.0,8.0,9.92194622853,381.388638916
34.0,31.0,9.9271162697,11083.0828215
46.0,12.0,9.92753216246,428.795984897
27.0,57.0,9.92926538442,319.382308449
56.0,18.0,9.93004446171,306.079296984
35.0,12.0,9.93017286368,426.602486403
36.0,34.0,9.9303954282,19577.1922274
31.0,58.0,9.93151877387,308.994054121
20.0,46.0,9.93238146794,372.702587581
20.0,37.0,9.93357690564,628.125532821
64.0,35.0,9.93367742594,221.105768455
55.0,27.0,9.93385238398,522.710127285
21.0,44.0,9.93490709373,452.214776751
16.0,23.0,9.93579627939,375.640619951
52.0,13.0,9.93618200267,283.139933883
16.0,22.0,9.93618428035,351.135227192
40.0,30.0,9.93678116379,9242.4368439
55.0,32.0,9.93759030587,609.343851518
60.0,27.0,9.93905952148,334.705042206
18.0,54.0,9.93957352635,228.449187553
17.0,54.0,9.93957352635,214.616053408
16.0,54.0,9.93957352635,211.942914459
17.0,53.0,9.93957352635,226.030146201
28.0,9.0,9.94177381974,426.120478552
27.0,13.0,9.94327236526,317.953820558
39.0,31.0,9.94455208334,17615.4287461
34.0,32.0,9.94547212169,12919.0274667
64.0,31.0,9.94828199759,220.745450554
31.0,8.0,9.94881672667,342.424322927
20.0,20.0,9.94955272068,436.515959062
27.0,7.0,9.95331785822,376.14854432
57.0,19.0,9.95423321063,364.517298616
63.0,34.0,9.95580183801,246.912487383
54.0,9.0,9.9613763118,188.471659717
14.0,21.0,9.96206751372,301.000125399
13.0,21.0,9.96225658877,286.420997367
34.0,33.0,9.96328456705,9099.5360134
26.0,7.0,9.96333397918,379.892997777
20.0,54.0,9.96696235121,270.018086693
38.0,30.0,9.96930560012,17597.0976897
4.0,29.0,9.97115186825,231.700762604
4.0,27.0,9.97115186825,235.780608553
4.0,28.0,9.97115186825,227.860064957
3.0,28.0,9.97115186825,220.430605713
57.0,11.0,9.9720557608,190.254373549
27.0,6.0,9.97420070202,336.244494661
30.0,8.0,9.97781821625,355.130662296
15.0,10.0,9.97863221609,242.988195799
15.0,11.0,9.97863221609,259.677331288
14.0,11.0,9.97863221609,249.941398482
14.0,9.0,9.97863221609,222.774489862
14.0,12.0,9.97863221609,258.219285329
15.0,9.0,9.97863221609,230.597291871
14.0,10.0,9.97863221609,241.733308604
16.0,10.0,9.97863221609,248.214080818
31.0,9.0,9.97909944108,370.334552401
16.0,46.0,9.98294483865,413.09295722
30.0,54.0,9.9833174476,499.169363437
31.0,7.0,9.98611045184,314.206238706
30.0,9.0,9.98722977516,354.624945283
32.0,59.0,9.99161400643,276.240958458
21.0,45.0,9.99575093332,491.013788694
19.0,46.0,9.99822684782,384.020519444
62.0,43.0,9.99878396059,254.564927216
63.0,43.0,9.99878396059,231.123192285
57.0,18.0,10.0001995936,285.405708496
30.0,7.0,10.0043972253,359.879296729
32.0,8.0,10.005835274,336.172047135
20.0,21.0,10.0107196643,503.359499623
20.0,45.0,10.0136787711,427.238982747
21.0,21.0,10.0227733978,546.794039353
59.0,23.0,10.0243162794,286.799928972
21.0,20.0,10.0336916818,506.445949057
32.0,9.0,10.0540169599,440.196509235
20.0,52.0,10.0760939263,295.779618606
56.0,43.0,10.1308959307,540.322135055
