,#Populacao,Conc,Exc,I1,I2,I3,I4,I5,I6,I7,M_p,M_t,Rm/re,Sim,a,b,f=a+b/2,flong,obj,std,tetha,tm,tm_std,tp,tp_std
0,1,0.180409784089,0.261078781244,0.678782051282,0.0397321550587,0.0369926028187,0.0563482705871,0.00107626077023,0.00895930058993,-0.00152042181393,37720.8896818,263492.761952,0.71347938715,0.489743589744,37.0115340153,27.3486078226,32.180070919,1.34170193744,K0003,0.155447223688,0.116248381076,8.87010036453,0.256780855145,8.57649419687,0.0713417841453
1,2,0.229552990513,0.516658383573,0.949817554241,0.348182970089,0.00256898201288,0.254766798848,0.00269513404125,0.0703704276396,0.00052999005232,51944.687986,263492.761952,0.825723747663,0.530769230769,49.0124990931,23.6897805368,36.3511398149,0.484231946652,K0003,0.253668739664,0.0301799852845,8.87010036453,0.256780855145,8.7616282559,0.0550166288411
2,3,0.244443953881,0.276453980916,0.756704290878,0.0560077592221,0.1958263983,0.731921166012,-0.000642027082709,-0.0104757690879,-0.033330530055,62823.0590445,263492.761952,0.735721088608,0.383033419023,39.3150631569,28.4462574372,33.880660297,0.78551729879,K0003,0.227267841944,0.35585327138,8.87010036453,0.256780855145,8.90457221356,0.0363416442237
3,4,0.361729745734,0.419815022691,0.288195754736,0.0204594785142,0.016086211389,0.0351754434615,8.43375147576e-06,0.000582205174638,-0.000135859503761,110938.422857,263492.761952,0.440010060534,0.759948652118,25.9202635176,15.0385475008,20.4794055092,0.593408353969,K0003,0.180337037735,0.131916033758,8.87010036453,0.256780855145,9.23806242203,0.140391250055
K0012,1,0.424490823564,0.581928265981,0.859780177224,0.364749020923,1.2926601854,1.61097176375,0.11278045293,0.15869305288,-0.202437100746,55689.7305772,334709.888606,0.745060867607,0.672686230248,36.0119439823,15.055575866,25.5337599242,0.42867414576,,0.347630788703,-0.0960130809409,8.56918910601,0.407048243651,8.06444766166,0.460304341297
K0012,2,0.442989210483,0.63384415751,1.07428318106,0.672857692978,1.18763696776,1.02750578225,-0.0293538588586,0.154990617102,-0.0826556536174,73799.929214,334709.888606,0.846454596694,0.690744920993,40.9705030747,15.0015890706,27.9860460727,0.411136781279,,0.357867157905,0.186932127991,8.56918910601,0.407048243651,8.5515548767,0.0551622039224
K0012,3,0.43766608532,0.740443252144,1.21198986019,1.12146897991,1.69757624921,2.13706595617,0.859578902947,0.700638091721,-0.116133551615,72241.234251,334709.888606,0.891011011871,0.839002267574,44.7549779482,11.6164565266,28.1857172374,0.391707449527,,0.393239039361,0.286768146096,8.56918910601,0.407048243651,8.69259601517,0.0393019512259
K0012,4,0.548850355694,0.684451905622,0.693280235867,0.322307739351,0.765862396568,0.796170429814,-0.0113985426423,0.0747570339683,0.0549849756869,132966.312667,334709.888606,0.658942955355,0.805429864253,33.3875061052,10.5353639276,21.9614350164,0.35306277853,,0.331137894836,-0.158038367544,8.56918910601,0.407048243651,8.96915178407,0.125656980185
K0014,1,0.313009385569,0.21171217363,0.747381721037,0.0304559634433,0.217037465504,0.153257554575,0.00556161264808,0.00963099827912,0.0166920864673,22937.7800759,166685.932239,0.718774068472,0.858995137763,33.7286561324,26.587889029,30.1582725807,1.26856055978,,0.265798457923,0.00430491815898,8.6629332961,0.397616291185,8.10599937559,0.211286301201
K0014,2,0.416092907813,0.506266597071,0.91073553478,0.306624798906,0.604852496798,0.953159529106,0.132858032183,0.142444729408,-0.128357462311,43847.6485947,166685.932239,0.782399182762,0.982171799028,42.5106957945,20.9889504955,31.749823145,1.91903583638,,0.321755390554,0.17076096273,8.6629332961,0.397616291185,8.58712948684,0.0662674562656
K0014,3,0.437922284588,0.587144215502,0.911317337564,0.417175552532,0.299285039545,0.682589183927,0.065639004146,0.119571214559,-0.0357173535343,45889.1083494,166685.932239,0.783153338441,0.751219512195,43.7649015333,18.068592756,30.9167471447,2.3206429013,,0.316982243947,0.124791168301,8.6629332961,0.397616291185,8.82517081159,0.0738772568582
K0014,4,0.423903902169,0.295535785086,0.548253288919,0.0340673677477,0.0743135022145,0.0318215737875,-0.000604028172031,-0.000272815972352,0.000120203495214,53923.526667,166685.932239,0.605608053552,0.75974025974,30.0473388738,21.16727499,25.6073069319,1.40137148297,,0.251737051323,-0.130818084717,8.6629332961,0.397616291185,9.13427204288,0.114894361618
K0027,1,0.628180334493,0.693851259798,0.67799677545,0.315613363479,0.309700372579,0.983473879824,0.0857358333326,0.161167295415,-0.0032488878701,116267.932596,266111.172736,0.637908484214,0.819078947368,38.8276514759,11.8870365844,25.3573440302,1.35345066783,,0.355506569123,0.604208248884,8.98628815484,0.24441719536,8.64147869548,0.140609589916
K0027,2,0.424080269019,0.416662110031,0.738264997327,0.132052523349,0.128096485869,0.42720571661,0.0243896179972,0.063135121119,-0.00595866673711,64101.1298313,266111.172736,0.704793898339,0.751235584843,36.5706105094,21.3330227694,28.9518166394,1.44685066639,,0.28799344323,0.384874634767,8.98628815484,0.24441719536,8.93348585321,0.0687904764937
K0027,3,0.276957235943,0.298744017199,0.657412559133,0.0501667387036,0.178522752997,0.254123906402,-0.00608391857977,-0.00654662302449,-0.00348948536885,42720.5091722,266111.172736,0.675580645876,0.879736408567,32.7110034877,22.9387868992,27.8248951934,1.42039709417,,0.244454695403,0.0716537067796,8.98628815484,0.24441719536,9.13388186766,0.0448618956768
K0027,4,0.264600023292,0.52503943029,0.97018810792,0.375809607655,0.326559494332,2.43268815214,0.372792605929,0.461200121575,0.147533399605,43021.6011372,266111.172736,0.837883079743,0.422442244224,43.8048413952,20.8055724251,32.3052069102,1.16558397051,,0.241642863041,0.663901047927,8.98628815484,0.24441719536,9.23728776656,0.0762673493067
K0030,1,0.33058640913,0.377524769914,0.651665023011,0.0827647267777,0.00121343610836,0.0373739769491,3.72221918552e-05,-0.00385649832303,-6.26770232081e-05,57048.1434325,469752.552009,0.67869593206,0.987179487179,38.2804341879,23.8286220789,31.0545281334,1.42688944116,,0.226545370421,-0.343642400439,8.81369041952,0.247235714495,8.50216262139,0.234566670835
K0030,2,0.294594314284,0.275182211886,0.788408941486,0.0601845563924,0.1298238416,0.385588397673,-0.032718110816,-0.0308519534747,0.00165271276359,62427.3823425,469752.552009,0.754154178993,0.961538461538,40.1575097217,29.1068773727,34.6321935472,1.31394054691,,0.224976375407,0.271392096128,8.81369041952,0.247235714495,8.77771377266,0.0387074847814
K0030,3,0.291100007302,0.269450638978,0.712092174913,0.0468723435703,0.031736075128,0.0139120414481,-0.000382615890841,-0.00185321778319,-2.17850696746e-05,77388.6685946,469752.552009,0.711566333724,0.881748071979,38.0117055709,27.7694272162,32.8905663936,1.33653804968,,0.227280513068,0.19059611334,8.81369041952,0.247235714495,8.90091528463,0.0376191934769
K0030,4,0.569415421135,0.0482516020357,0.480669565834,0.000564154871626,0.0116381757285,0.187650604671,-0.00228311277863,0.00128871857365,-0.000218000013355,272364.328679,469752.552009,0.555154768369,0.944801026958,28.0337067338,26.6810354728,27.3573711033,0.957072575002,,0.262631500765,-0.239611916601,8.81369041952,0.247235714495,9.07434009544,0.112387693842
K0031,1,0.337046035563,0.260883514907,0.556993642794,0.0267096018776,0.000265182115887,0.106082809025,-0.000156932145463,0.00713329473306,3.26879730784e-05,216391.508878,1048249.06674,0.625788618931,0.762463343109,38.3925547018,28.3765700849,33.3845623934,0.899980403471,,0.213963182575,-0.602424954287,8.89626926954,0.275213309835,8.53845379399,0.134623540684
K0031,2,0.412164656397,0.157204616181,0.561589788721,0.00904849962424,0.0631933327151,0.0293243477318,0.000901587566643,0.00252857063239,-0.00162196029281,321707.110952,1048249.06674,0.616057831703,0.830889540567,36.6556352701,30.8932001966,33.7744177334,1.17532154082,,0.247968947141,-0.165837184016,8.89626926954,0.275213309835,8.80905043793,0.0475454262097
K0031,3,0.400517849154,0.06948412161,0.642211885373,0.00213165325273,0.077837938886,0.207512456954,-0.00100142887951,-0.00201598145469,-0.00247338669622,326614.411018,1048249.06674,0.659275188619,0.861900097943,37.4923387362,34.887216512,36.1897776241,1.02695440503,,0.262101556346,-0.595959067584,8.89626926954,0.275213309835,8.9910246438,0.0656868850513
K0031,4,0.186052667283,0.049306888513,0.818999620865,0.00171202427016,0.0925096289475,0.172158671086,-0.00793718393716,0.00322541579296,-0.000590762361891,183020.639076,1048249.06674,0.777622266296,0.598825831703,41.9357726308,39.868050165,40.9019113979,1.04663275622,,0.194380615054,0.223741630534,8.89626926954,0.275213309835,9.24666627637,0.104078538561
K0033,1,0.374495617877,0.519076544554,0.838028038891,0.273732449043,0.0423540463867,0.106063102725,4.94940762118e-05,-0.0121382500104,0.000707353326181,139176.576357,984913.891901,0.765569307418,0.355160932297,49.5269921705,23.8186922125,36.6728421915,0.483322034033,,0.268361997967,-0.0494058365836,9.03358213533,0.255009636307,8.69654616201,0.115873608803
K0033,2,0.287175668515,0.299900101735,0.72537974208,0.061599741007,0.188066121236,0.518506711336,-0.00761686934897,-0.0270445327972,0.000380864670239,193464.128308,984913.891901,0.716819437973,0.46614872364,41.8852956683,29.3238912362,35.6045934523,0.705070600651,,0.236247704433,-0.0958039591194,9.03358213533,0.255009636307,8.96473027611,0.0454145906054
K0033,3,0.289978203633,0.312462733702,0.545542507371,0.0381528863387,0.0109503725928,0.0395372372364,-3.8152356618e-06,0.00175532718241,8.35176239394e-05,266109.848971,984913.891901,0.619748106612,0.93659621802,36.49773311,25.0935516485,30.7956423793,1.45389925131,,0.208277192459,0.0217978137232,9.03358213533,0.255009636307,9.12210202583,0.0512450731325
K0033,4,0.364068234983,0.2201493855,0.500185185185,0.0148525638409,0.00349798405634,0.0828171725157,0.000169904931445,0.00505104447298,0.000481439636241,385998.319903,984913.891901,0.58766632198,0.848888888889,33.4619381486,26.0953130275,29.7786255881,1.22031614958,,0.216838593557,-0.316243713927,9.03358213533,0.255009636307,9.35110352874,0.122428295054
K0034,1,0.147107878548,0.247232778747,0.917026165416,0.06433915727,0.0421477027876,0.668880794397,-0.0298346931556,0.0905095783161,0.0365330340813,51406.0307316,785048.864917,0.83534737327,0.151051625239,49.4879579338,37.2529125793,43.3704352566,1.23519094255,,0.149176653568,-0.359484318931,8.96742924406,0.270778781252,8.65266952295,0.0565465476543
K0034,2,0.25244526874,0.36051171417,0.721793667216,0.0916839439688,0.0235391428596,0.06555105933,-0.000109735059026,-0.00514062741017,-0.000446538098581,109224.949468,785048.864917,0.729717233135,0.946462715105,46.2972622638,29.6065568837,37.9519095738,0.725103597768,,0.185172958252,-0.368192808864,8.96742924406,0.270778781252,8.868883711,0.0726649488018
K0034,3,0.25771432411,0.168139020266,0.620461201392,0.0127571700035,0.0204497533672,0.308552860899,-0.0032400731578,0.0075591187143,0.00133078828441,156476.3139,785048.864917,0.670521747876,0.77969348659,39.1325652951,32.5528541059,35.8427097005,1.14195200264,,0.191527272831,0.379931877699,8.96742924406,0.270778781252,9.01969105858,0.0659538176404
K0034,4,0.513877193867,0.409407068776,0.310567065772,0.0224824919384,0.027536647727,0.130045547396,0.000835919186867,0.0055709262863,-0.000581342659958,467551.140044,785048.864917,0.439035697123,0.861244019139,31.0235905546,18.3223132827,24.6729519186,0.960056628279,,0.225647247434,0.743156042361,8.96742924406,0.270778781252,9.3285683417,0.196314599372
K0039,1,0.408532631256,0.809370568368,1.66124844291,2.38623409527,3.8985990906,10.3207177391,21.933955609,7.45386541482,0.121979685772,23190.2244541,138663.945915,1.06690665826,0.409411764706,52.2024290207,9.95131937403,31.0768741973,2.56635163057,,0.410477829045,-0.328442403832,9.0456179377,0.225425260223,8.73768418587,0.0902663802587
K0039,2,0.389333643362,0.545036802102,0.91013260947,0.357566308576,0.500855575153,0.147220496492,0.0811296099683,0.104017243387,-0.0206331220985,21269.2763944,138663.945915,0.774749988922,0.77358490566,35.7612881168,16.2700700026,26.0156790597,1.80127127003,,0.337734456667,-0.317668663106,9.0456179377,0.225425260223,9.00074088656,0.0432686070945
K0039,3,0.426454259857,0.477522496444,0.634812210751,0.131442240464,0.0132184093604,0.121574478537,6.61713158559e-05,0.0124588629857,-0.00096012184695,33119.6161465,138663.945915,0.650518355878,0.858490566038,29.0820021365,15.1946918747,22.1383470056,1.38323286657,,0.273928413185,-0.494856439769,9.0456179377,0.225425260223,9.12526461618,0.0531212383335
K0039,4,0.720893408796,0.616546952442,0.89156505874,0.439554732671,0.407122196755,2.40935101,0.650743075546,0.671016518969,-0.0812342791858,61084.8289203,138663.945915,0.72936466184,0.344339622642,36.3078785601,13.9223666842,25.1151226221,1.86908210098,,0.409742974844,-0.364213012514,9.0456179377,0.225425260223,9.31950832105,0.109741917943
K0040,1,0.472145913466,0.633062345198,1.03022595641,0.617357448249,0.318049472728,0.127818424049,0.00210157148492,-0.0152025822018,0.00929234366173,16687.4753729,96438.5397585,0.819323034755,0.462962962963,34.3035509911,12.5872645521,23.4454077716,1.94347891586,,0.373824623838,0.352014473998,8.8510174374,0.229637309786,8.60171556006,0.099493231245
K0040,2,0.367712937287,0.391192073134,0.598328365076,0.0754773029278,0.0743810449127,0.0135565006024,0.000296630086086,-0.000934597771614,0.00121965241645,18304.1844527,96438.5397585,0.633457491063,0.835913312693,23.7486117938,14.4583431121,19.1034774529,1.23594253666,,0.261280450362,0.549455180452,8.8510174374,0.229637309786,8.76478305266,0.0294884122991
K0040,3,0.48757403025,0.771282740824,1.5785927211,2.02107594238,2.68036128665,6.80468096426,6.32377789971,3.60395681273,0.446437066138,22973.9475607,96438.5397585,1.01584266059,0.947368421053,44.0244692663,10.0691559472,27.0468126067,1.77305988368,,0.454907982286,0.479427049099,8.8510174374,0.229637309786,8.88287050307,0.048880183347
K0040,4,0.757327142272,0.802644203754,1.4386987319,1.77110207884,2.88815177789,5.34128517449,6.92666668326,3.73856175697,0.0815594392723,38472.9323722,96438.5397585,0.934370069508,0.66253869969,42.2979196302,8.34773960815,25.3228296192,2.3400603202,,0.506212374876,0.363490438629,8.8510174374,0.229637309786,9.15547246627,0.185484074207
K0045,1,0.329171384106,0.213687046007,0.494040838301,0.0135795545994,0.0303188414691,0.0539031768135,-0.00148110438395,6.56016807756e-06,-0.000968109337493,96390.5472438,374192.547848,0.584906348082,0.449720670391,29.5692300866,23.2506686567,26.4099493716,0.842025019607,,0.214257314616,-0.382146231201,9.0477278974,0.209050283375,8.77259964471,0.219618032933
K0045,2,0.288490595938,0.158230954647,0.614166224525,0.0109737973292,0.0297132937978,0.050602593361,0.00034905328485,0.00171060620167,-7.19919824613e-05,94961.1885473,374192.547848,0.657203229616,0.837988826816,32.0857674637,27.0088058474,29.5472866556,1.11749484901,,0.224595747192,0.432504875594,9.0477278974,0.209050283375,9.03851327168,0.0299334146286
K0045,3,0.240037731886,0.556228727692,1.01617902063,0.464841005566,0.0734594215495,0.0743510597279,-0.000789396116549,0.00530590841903,0.000749799821415,69570.1161665,374192.547848,0.851276228422,0.966386554622,49.2412766245,21.8518639777,35.5465703011,1.65218007057,,0.26679324586,0.403811889785,9.0477278974,0.209050283375,9.14275692513,0.00970920111064
K0045,4,0.476354696925,0.491474210655,0.737990121766,0.188987743069,0.175300192515,0.05837385133,1.53234348191e-05,6.98650900795e-05,9.40398532874e-07,113115.595728,374192.547848,0.693116773038,0.970629370629,40.95101681,20.8246481478,30.8878324789,1.09215114466,,0.313754715902,0.710490633938,9.0477278974,0.209050283375,9.23728013426,0.0696426858203
K0053,1,0.426339508578,0.699417441314,1.54094793579,1.65269587199,3.24308387073,12.7995461899,15.6258131967,5.46314718511,2.39569040865,6120.59067235,218892.103176,1.03799692948,0.109510086455,44.2900098407,13.3128044821,28.8014071614,1.59470365377,,0.366523078111,-0.51078108373,8.66923192237,0.35531094231,8.27943768056,0.0941480208638
K0053,2,0.265832618631,0.345960433241,0.718999410343,0.0830398550582,0.00221313670966,0.105974566943,-0.000248471723246,0.0114501434482,-0.000216980873775,12075.1880582,218892.103176,0.724749716492,0.772334293948,26.4380984464,17.2915624538,21.8648304501,1.36609450733,,0.200205763264,-0.358292569869,8.66923192237,0.35531094231,8.48801506738,0.056083014039
K0053,3,0.394002153946,0.721580092939,1.24793110691,1.14142814139,1.44488926686,5.1615068255,3.13044520393,2.00630839395,-0.526374426149,26106.3062415,218892.103176,0.926303887557,0.585507246377,39.9781463149,11.1307117815,25.5544290482,1.71349276341,,0.343055891534,-0.479374840026,8.66923192237,0.35531094231,8.73554229301,0.0979594010788
K0053,4,0.526033538568,0.565496760992,0.321001369909,0.0479804764138,0.0104462150814,0.0591404944839,0.000154007688946,0.00367652470756,-0.000138637160188,174466.129936,218892.103176,0.444047693769,0.809248554913,19.3316247586,8.39965357292,13.8656391658,1.13603537988,,0.233670523955,-0.69190194594,8.66923192237,0.35531094231,9.17506887435,0.19536648078
K0058,1,0.283588976964,0.514554164617,0.748618009934,0.214437160215,0.196181834296,0.0651719574325,-0.00354272785663,-0.002095731866,-0.00315046960943,24946.4118862,164064.846191,0.730505665038,0.699367088608,39.1353829238,18.9981086565,29.0667457901,0.957461419866,,0.23361990972,-0.750254046502,8.52765228784,1.01420483532,7.0314896615,0.790005995522
K0058,2,0.370619571243,0.347795074098,0.465229931101,0.0351766093176,0.059859095338,0.00411066195151,0.000321336573971,0.0017661814188,-0.000173889318495,53079.1866588,164064.846191,0.557549934336,0.895569620253,28.7248889894,18.7345140949,23.7297015421,1.51590496947,,0.233921578689,-0.109204164689,8.52765228784,1.01420483532,8.63272833159,0.282139545124
K0058,3,0.315085488036,0.356244951444,0.610534139582,0.0638902254694,0.043588592828,0.111991590241,0.000769779693714,0.00318472996698,2.178982995e-05,42772.3239758,164064.846191,0.650066521846,0.638095238095,32.9811630461,21.2317902182,27.1064766322,1.44993256479,,0.235865885106,-0.269480659665,8.52765228784,1.01420483532,9.00732971869,0.0705476528081
K0058,4,0.247552833211,0.334206939478,0.873593847715,0.113550939039,0.24297514085,0.263605377827,-0.0423933563834,-0.0632555421585,0.000167998384981,43080.5867334,164064.846191,0.786528456155,0.29793977813,39.0862586731,26.0233597863,32.5548092297,0.973899497506,,0.258276797715,-0.751097477614,8.52765228784,1.01420483532,9.44109455141,0.299643027975
K0069,1,0.217868129481,0.37559635769,0.918854213826,0.162693170292,0.1187197465,0.377425302834,0.0264232206456,0.0719178212163,0.0356604375451,20980.1844426,347556.566797,0.825592137903,0.274238227147,43.6951527211,27.2834125103,35.4892826157,1.47218848985,,0.200008575869,0.287139261717,8.58717027206,0.2616405066,8.29845322254,0.11019261554
K0069,2,0.250108058254,0.45205382088,0.614139317531,0.109238420235,0.0218002620664,0.019787038892,-5.15147490235e-06,0.00103929134046,1.89595313113e-05,53047.2330135,347556.566797,0.665789014424,0.82271468144,36.9334133627,20.237522734,28.5854680484,0.584957443649,,0.197599144229,-0.212898000071,8.58717027206,0.2616405066,8.43748364375,0.0545333436185
K0069,3,0.385824527482,0.564711345062,0.922862654321,0.395452340193,0.346891533895,0.689275402536,0.00773357121461,-0.0176982691326,0.0354775117321,81553.2478543,347556.566797,0.797585420418,0.580555555556,47.2701411303,20.5761561514,33.9231486408,0.734048185322,,0.294395166325,-0.557705011064,8.58717027206,0.2616405066,8.67718540004,0.068089710277
K0069,4,0.553108499,0.558413635537,0.427020954484,0.082747903944,0.0673408821737,0.172712201112,0.00457135066007,0.0220423827447,0.0032624781221,191892.802949,347556.566797,0.507985003653,0.693481276006,32.1024766153,14.1760159388,23.139246277,1.64544900308,,0.277346425941,0.409003947196,8.58717027206,0.2616405066,8.93571892517,0.136722172376
K0071,1,0.280463313177,0.449791042561,0.852420349373,0.20816175767,0.184700490745,1.93639968555,0.130711226643,0.279224762558,0.1445923977,30744.5176808,394019.85666,0.782938903002,0.124567474048,38.8949868749,21.400370178,30.1476785264,1.17442473942,,0.239008122678,0.634191335672,8.94650240294,0.333435413753,8.52750727476,0.169917795048
K0071,2,0.413203336296,0.674741738923,1.10651820658,0.80065551202,0.446026159611,1.83484732942,0.326440722393,0.545067453976,-0.0869862576987,47392.0473785,394019.85666,0.870627421857,0.644714038128,48.0574008526,15.6310666332,31.8442337429,1.81430766279,,0.332324992564,0.424764878421,8.94650240294,0.333435413753,8.86341441114,0.0527800654728
K0071,3,0.273316170585,0.589792507176,0.920529602408,0.429490406472,0.122612112095,0.0463677800204,-5.9071692367e-05,-0.00097015166976,5.52144326253e-05,60172.2263255,394019.85666,0.804570618264,0.623916811092,42.6447069878,17.4931783357,30.0689426617,1.17601191982,,0.274042070338,0.671538584082,8.94650240294,0.333435413753,9.02804626261,0.0531108453404
K0071,4,0.552754474867,0.174474649808,0.356111963812,0.00455013069414,0.000378482522409,0.0503796869768,-3.47226042371e-05,0.00127336859275,5.71898076457e-05,255711.065276,394019.85666,0.477007585878,0.568457538995,22.1087285915,18.2513159128,20.1800222521,1.04255445261,,0.227992705182,-0.674551968317,8.94650240294,0.333435413753,9.36776782464,0.208433226854
K0081,1,0.291661711678,0.44422391849,0.890999034509,0.221334024801,0.101682084285,0.00523136889802,0.000551868479753,-0.00599948730604,0.00109733524314,38788.7718046,330366.216325,0.8023312366,0.907103825137,38.6637254932,21.4883738512,30.0760496722,1.02737915577,,0.238241544386,0.75981533673,9.08983526347,0.28976775728,8.6986886247,0.164386209925
K0081,2,0.296138679617,0.284987602915,0.515341120997,0.0277784245909,0.0251379754067,0.0993384872225,0.00126822411064,0.00749378912976,0.00163803712186,65096.5133388,330366.216325,0.605919181078,0.602189781022,27.3401291509,19.5485312808,23.4443302159,1.37046206212,,0.193101787398,-0.16901016327,9.08983526347,0.28976775728,9.02847350151,0.0542171395293
K0081,3,0.442125651766,0.644179026557,0.905618972774,0.492904501818,0.551286663051,1.83756152867,0.296418599699,0.362437557581,0.102863909676,80304.4651067,330366.216325,0.773795897799,0.653284671533,41.9765273048,14.9361288073,28.4563280561,1.24971148977,,0.334710420595,0.642005339045,9.08983526347,0.28976775728,9.20835815368,0.0698262049612
K0081,4,0.722330747526,0.706110446363,0.938778704246,0.623318133255,0.144660520059,0.533951271851,0.00203475361798,0.0701221632035,-0.00824650429835,146176.466075,330366.216325,0.752922800913,0.729927007299,43.5223957484,12.7907774597,28.1565866041,1.57053251947,,0.41233815815,0.52183577357,9.08983526347,0.28976775728,9.42453454524,0.13401115589
K0084,1,0.1948312192,0.412677316587,0.867303540165,0.178436187102,0.0367310995434,1.06275743065,0.0581681964797,0.19084562384,-0.000697848280405,60743.277486,762560.64233,0.803859429459,0.134777376655,46.2981173056,27.1919344929,36.7450258992,1.35352467727,,0.186789099221,-0.461636666214,8.50127065701,0.320750108545,8.03601149298,0.135283320128
K0084,2,0.307271462492,0.207269892632,0.612444085316,0.0195299781622,0.0121206544232,0.183010701356,-0.000833858362085,0.0109933532833,-0.00271908032333,155544.954137,762560.64233,0.659067558655,0.945848375451,35.3574047166,28.0288792373,31.6931419769,0.81602206482,,0.215868745726,-0.24858835663,8.50127065701,0.320750108545,8.4423135992,0.0662049973986
K0084,3,0.476449454914,0.352510527482,0.507605046847,0.0431447597072,0.0199370297153,0.138675337415,0.00249516722923,0.0175971954511,0.00166095466102,291412.246203,762560.64233,0.576038048191,0.709288299156,34.4383158474,22.2984469625,28.3683814049,1.54442663057,,0.256690906256,0.000126095451586,8.50127065701,0.320750108545,8.66147978904,0.0575126912289
K0084,4,0.366376280498,0.369431588083,0.595444912179,0.065864777416,0.0907329982408,0.339656113983,-6.57139789357e-05,0.0102839247068,0.00880036140551,254758.453698,762560.64233,0.640351408157,0.592771084337,37.6093496179,23.7152678618,30.6623087398,0.701099553893,,0.23879078747,-0.329237250209,8.50127065701,0.320750108545,8.86547587527,0.0845177281339
K0089,1,0.164892721257,0.129106060413,0.854879602009,0.0137891776452,0.0480366609853,0.891143535902,-0.0106639310364,0.0236319966583,-0.0346796442513,41144.7528988,382232.766038,0.800266026843,0.332603938731,42.1589500613,36.7159741077,39.4374620845,1.04593590104,,0.176748616396,-0.618970155863,8.74240056044,0.216133408922,8.47457717687,0.0704994919106
K0089,2,0.200586618131,0.283398821,0.778381873606,0.062595853995,0.106357834691,0.159716340542,-0.003284366737,0.00857550634567,-0.00170841969766,65307.981677,382232.766038,0.758867063883,0.979189485214,43.3379190303,31.0560038725,37.1969614514,0.82689481066,,0.187140698566,-0.473365701819,8.74240056044,0.216133408922,8.65316788764,0.0591965230131
K0089,3,0.331417434826,0.420568154108,0.454892156498,0.0511736932517,0.00794843072869,0.12113267315,0.00109367848217,0.0132198315862,2.19502495505e-05,111718.708735,382232.766038,0.56043713522,0.617743702081,35.2661814303,20.4343486037,27.850265017,1.63603633498,,0.207243456456,0.205149096475,8.74240056044,0.216133408922,8.8172614269,0.0495269015354
K0089,4,0.551763166568,0.573180393112,0.492820630326,0.116234492629,0.0554837010587,0.352731494643,0.00790926899209,0.034814613062,0.000373790669762,164061.322728,382232.766038,0.559726550708,0.617743702081,39.0183538708,16.6537984605,27.8360761657,1.22094567784,,0.271191875338,-0.641005445696,8.74240056044,0.216133408922,9.02488909468,0.103784792512
K0095,1,0.133162198482,0.247893872446,0.875772019334,0.059025218968,0.0349099028933,0.154007152643,0.00578622654555,0.00540730632789,-1.84315195412e-05,59174.2973528,427695.224348,0.817826700178,0.603383458647,48.7918304536,36.6966346587,42.7442325561,1.0793785246,,0.137185209038,0.646199890816,8.86375611344,0.32652755957,8.4602338318,0.227841313591
K0095,2,0.209873695075,0.201591278204,0.81734411216,0.0327484400926,0.0202766164234,0.387026993964,-0.0115307826724,0.0276715163316,-0.00919866445361,59627.2321644,427695.224348,0.780536135634,0.994360902256,46.0912402824,36.7996482399,41.4454442612,0.810601256079,,0.180443512637,0.181705370222,8.86375611344,0.32652755957,8.75146236247,0.0490801173715
K0095,3,0.392257093524,0.124717755787,0.529929671125,0.00492477510076,0.00719392858777,0.16878969236,-0.000498728537009,0.00452920817738,-0.00157690834803,101119.760714,427695.224348,0.602580349541,0.885122410546,35.7019050083,31.2492435383,33.4755742733,1.08438857787,,0.228596931776,-0.457085065732,8.86375611344,0.32652755957,8.98091137258,0.0682410721067
K0095,4,0.522653710569,0.300401690617,0.384544177761,0.0173758103012,0.0121346977025,0.176713062204,0.000163896647896,0.00761032403863,-0.00159616467442,207569.502209,427695.224348,0.49174644675,0.32925682032,33.1328323588,23.1796735033,28.1562529311,1.15715700651,,0.244736849769,-0.567120072486,8.86375611344,0.32652755957,9.26258375505,0.138752932625
K0117,1,0.320233461366,0.391184768255,0.652781679029,0.0898369896145,0.0929163433627,0.0109594206626,-0.00105707912551,-0.00593879925999,-7.73845160186e-05,48922.7838638,244280.726396,0.672705935919,0.629422718808,31.984302438,19.472530501,25.7284164695,1.084264544,,0.245948283419,-0.697031939015,8.91000122254,0.267088254893,8.53645134806,0.182560114057
K0117,2,0.33822402018,0.309538117735,0.647129199047,0.0525792466887,0.155783288594,0.0874517092102,8.86110354581e-05,-0.0024839312087,-0.002263965303,65164.4457166,244280.726396,0.663494803567,0.916201117318,30.6803965403,21.1836443438,25.932020442,1.40266351509,,0.26148006491,-0.201234568613,8.91000122254,0.267088254893,8.86242683984,0.0672826263455
K0117,3,0.480253149358,0.610737068749,0.908250502227,0.447859233749,0.391865797762,1.19719373458,0.194957570614,0.292722858405,-0.0719253327575,65004.1808309,244280.726396,0.769614477056,0.856074766355,41.0840175191,15.9924850871,28.5382513031,1.49564912113,,0.344817388193,-0.512776390028,8.91000122254,0.267088254893,9.04724191485,0.053657454606
K0117,4,0.289901700343,0.61038177293,1.04509634663,0.592312428379,0.321121233146,0.728163404847,0.0343831329558,0.0718068282039,0.0397616094253,64967.9011686,244280.726396,0.846558758855,0.90671641791,44.1063960362,17.1846558261,30.6455259311,2.38626977122,,0.321195873879,-0.155154375766,8.91000122254,0.267088254893,9.19448409231,0.0534486962498
K0125,1,0.363561255757,0.637337752404,0.953425605536,0.535502980089,0.539638033971,3.86673648098,0.923563958339,0.888589969357,-0.35979118646,13077.9912354,123675.948983,0.810815532067,0.0,23.9367947083,8.68097176915,16.3088832387,1.35583100315,,0.308045501268,-0.587900759443,8.62222229895,0.385688407364,8.13721098944,1.42528366522e-14
K0125,2,0.382869092741,0.270200619744,0.693463114037,0.0447248817052,0.0893033102196,0.935674333514,0.0531732380461,0.0594276373069,0.000696800074329,32522.2722771,123675.948983,0.685206417824,0.591715976331,17.4891865058,12.7635974731,15.1263919894,1.24381184318,,0.272942179364,-0.394689237426,8.62222229895,0.385688407364,8.40119911078,0.233493743301
K0125,3,0.456415255226,0.355627480806,0.665452890305,0.0756101767559,0.199013882845,0.625052271197,0.00287178122624,0.0369603830593,0.0421907848013,29111.0510543,123675.948983,0.652270479423,0.769230769231,17.828739914,11.4883500524,14.6585449832,1.37293201557,,0.311005568852,-0.367117387816,8.62222229895,0.385688407364,8.94628561586,0.0408200182849
K0125,4,0.411093990949,0.627626751508,0.835334897237,0.399281419242,0.352897871183,1.69446493839,0.287959933476,0.42157664856,0.146634749186,48964.6344161,123675.948983,0.744678643778,0.0,22.2692852388,8.29248608597,15.2808856624,1.50279717342,,0.31752099738,-0.517488077752,8.62222229895,0.385688407364,9.00706336912,0.0239501573343
K0129,1,0.209788750748,0.56662569586,0.917746724479,0.393786740022,0.247165541839,0.265319044254,-0.00618542767929,-0.037142861167,-0.00420691157325,22352.3593557,254828.883447,0.824369099513,0.203883495146,35.6833759548,15.4642582238,25.5738170893,0.486587627863,,0.203432138302,-0.222595065384,9.0465169189,0.314543298531,8.65248073151,0.0961304163082
K0129,2,0.539229213462,0.489072018935,0.87966584975,0.26570871672,0.0330809306178,0.0223108770179,-0.000778281472063,-0.00504526460006,-2.34071561112e-05,40928.1520121,254828.883447,0.740453080314,0.529126213592,33.9056257469,17.3233329096,25.6144793283,0.595589548109,,0.378197522828,-0.310890003778,9.0465169189,0.314543298531,8.90709630468,0.0902745729339
K0129,3,0.483715078217,0.751008121612,1.3141820345,1.34732697295,0.609160169425,1.19916603226,0.0088125520452,0.125641931859,0.0597259302208,65818.3607503,254828.883447,0.93248791461,0.6,45.0493004183,11.2169099312,28.1331051748,0.370881867531,,0.397618158576,-0.269346636397,9.0465169189,0.314543298531,9.16338220925,0.0653113416308
K0129,4,0.458145365937,0.472313808409,0.472451619396,0.0711008732459,0.0988248636405,0.205556844275,0.0079591131615,0.0298030331262,-0.00699744727587,125557.053891,254828.883447,0.547135606964,0.676399026764,24.648315388,13.0065756762,18.8274455321,0.559950103467,,0.266485248447,0.193625568412,9.0465169189,0.314543298531,9.46376547643,0.107703329044
K0141,1,0.402359478109,0.647799325115,0.759874131944,0.350654131101,0.236852391098,1.36411738747,-0.0192993519234,0.251036534861,-0.0291529383505,5393.08548723,21585.3377907,0.713194731904,0.854166666667,22.7855507383,8.02508634764,15.405318543,0.832698343492,,0.299799995874,-0.668153083966,8.57790295085,0.248409456867,8.32867637116,0.0537364101777
K0141,2,0.25492001882,0.897001778746,3.22409396701,9.96289621827,12.5663179695,54.0265003556,-25.4582869164,49.7037169665,-28.2566477644,1970.64033575,21585.3377907,1.52664634074,0.739583333333,49.4986043041,5.09826819785,27.298436251,0.678129400356,,0.456021872547,-0.591618804028,8.57790295085,0.248409456867,8.43258448551,0.0466263200284
K0141,3,0.823217376194,0.79680457221,1.67313019391,2.37297634303,9.23614424555,32.7723620692,-3.80912042067,13.8403426308,6.27619379046,7217.73446121,21585.3377907,0.942083596303,1.0,34.9450891773,7.10068234455,21.0228857609,0.68682959516,,0.646372064438,-0.585159995984,8.57790295085,0.248409456867,8.60422229522,0.122329521488
K0141,4,0.500552548436,0.656114675195,0.847454839505,0.446512594316,0.595973900256,2.74175271537,0.109104490343,0.499909828189,0.115846332288,6929.8116052,21585.3377907,0.747351746693,0.722513089005,24.0621331679,8.27461447995,16.1683738239,0.784866797896,,0.324858421426,-0.63234549187,8.57790295085,0.248409456867,8.94686292046,0.0801020046571
K0143,1,0.364006924784,0.144128116756,0.411249640908,0.00403134180784,0.0131773197865,0.0607313609942,-0.000138047067188,0.0021155183425,0.000697523205516,41661.8295968,178423.744262,0.532905125455,0.874576271186,16.7361306382,14.3239836475,15.5300571428,0.860005911996,,0.200192442861,-0.123784210593,9.134936748,0.302409714838,8.83277888888,0.0959894248211
K0143,2,0.351335639023,0.545097908981,0.575153871072,0.142828949728,0.0668755159539,0.354859308343,0.0182766558192,0.0695516914739,-0.00920770005631,32416.1641295,178423.744262,0.624974411505,0.340136054422,23.6730153379,10.7689041779,17.2209597579,2.05423114636,,0.247205649313,-0.17589197036,9.134936748,0.302409714838,8.96141870735,0.0441838114127
K0143,3,0.439464479388,0.686417798736,1.00441945486,0.679912647654,1.03713855169,4.44276449022,1.13404449922,0.911799994287,-0.332216823845,42058.8851402,178423.744262,0.819078317494,0.843537414966,32.7939737837,10.2836064873,21.5387901355,0.855627860913,,0.343484029819,0.690629770283,9.134936748,0.302409714838,9.17360466898,0.0767680949543
K0143,4,0.214264996986,0.726595023277,1.31463383382,1.28089166315,0.757754953286,5.33954897942,1.73207657653,1.8182631605,0.6004446759,62286.8653958,178423.744262,0.974711640718,0.150170648464,37.8627736104,10.3518707376,24.107322174,1.09448647352,,0.280505184332,-0.733007640005,9.134936748,0.302409714838,9.5744674771,0.181501944325
K0144,1,0.446089377733,0.686621241972,0.889706449473,0.533752724307,0.493960576468,2.45599614151,0.563416198479,0.65287686599,-0.190398144128,37454.794272,305505.030021,0.756216403909,0.181405895692,37.8033863755,11.8467782716,24.8250823235,1.92072564201,,0.357265308609,-0.398823012111,8.89062732156,0.343401634105,8.4440326963,0.191227581568
K0144,2,0.472130369908,0.753416519406,1.2397663525,1.20482199006,2.30087627358,8.33956113844,3.83672116383,2.29001146402,-1.33197414501,75388.3527929,305505.030021,0.892420503705,0.884353741497,45.4047991516,11.1960734104,28.300436281,0.885779973294,,0.422269153241,0.71702373487,8.89062732156,0.343401634105,8.77470865268,0.0690505746794
K0144,3,0.45780030032,0.671361589615,0.934418148515,0.565883569928,0.399641600924,2.70444321672,0.376053190865,0.601572353373,0.293515576187,71224.7158618,305505.030021,0.780459012773,0.997722095672,38.4824204185,12.6468014741,25.5646109463,0.935108988168,,0.349546140065,0.743742769069,8.89062732156,0.343401634105,9.02391858661,0.0660181358689
K0144,4,0.509980195879,0.627603477416,0.994969008264,0.566430010331,1.33021531369,3.01495823433,1.74876355657,0.963445299283,-0.086381388787,121358.995396,305505.030021,0.791017346149,0.390909090909,39.2157407198,14.6038054746,26.9097730972,1.82850006243,,0.393455861185,-0.388321657774,8.89062732156,0.343401634105,9.32079091502,0.100000867293
K0150,1,0.138266982241,0.812782262999,2.20908144211,4.24140339227,0.564983780685,0.0763037266606,-0.000496808519292,-0.0100761743986,1.52448851708e-05,1500.07705941,39135.3130834,1.28955269476,0.754237288136,44.8860196264,8.40345901742,26.6447393219,0.980321512204,,0.277556811031,-0.77473949465,8.19500683374,0.347994867518,7.75118335823,0.0918327715237
K0150,2,0.411423915114,0.643891302667,0.974142145767,0.569842422732,1.13767695284,5.09966859916,0.804852978202,0.987223660228,0.520050542437,4445.32479364,39135.3130834,0.796720976944,0.621276595745,28.5068408505,10.1515339603,19.3291874054,0.935894171811,,0.360106145658,-0.742660197968,8.19500683374,0.347994867518,8.05035161256,0.153644593635
K0150,3,0.305943857906,0.347348180059,0.603313716614,0.0589885760155,0.0400603697154,0.252602521629,0.000712852742549,0.0200257307035,0.00219679071304,8590.60631995,39135.3130834,0.647454395432,0.8,19.9426426818,13.0156020407,16.4791223613,0.982563894847,,0.2326609612,-0.763546414641,8.19500683374,0.347994867518,8.36757749785,0.0585840007927
K0150,4,0.585451451537,0.605309078651,0.487931190584,0.127021267169,0.075112457718,0.310606175729,0.00975936850684,0.0417878008014,-0.00595517246019,24599.3049104,39135.3130834,0.544884937846,0.63829787234,19.9207394971,7.86253502607,13.8916372616,1.24819976689,,0.293403595218,0.63376175103,8.19500683374,0.347994867518,8.61280347686,0.16148823002
K0157,1,0.310317147267,0.741986248808,1.14572492603,1.00541090841,0.213773159969,0.042640614173,0.00326656314199,0.0307979402039,-0.0052906033027,35426.6648571,392742.319023,0.900023695162,0.828282828283,41.2498966113,10.643040561,25.9464685862,0.311289291856,,0.303084695457,-0.172973340169,9.04705188133,0.290998069596,8.69568505023,0.142047141772
K0157,2,0.437396136044,0.493112897479,0.895382150296,0.280185529658,0.55472464001,2.28958824217,-0.0366516241077,0.310435726288,-0.124532364558,30188.8957415,392742.319023,0.765637968562,0.911392405063,33.5487567146,17.0054320842,25.2770943994,0.920833587837,,0.342008208507,-0.715572952653,9.04705188133,0.290998069596,8.97925309943,0.0355849678601
K0157,3,0.269092534984,0.612323593979,1.00276237782,0.54867795172,0.0876557738015,0.0619802328499,0.000373538093176,0.0056845645421,-0.00293794408086,52073.5774965,392742.319023,0.850338909626,0.769620253165,37.112765846,14.3877436807,25.7502547633,0.810861140321,,0.253485455085,-0.643637127801,9.04705188133,0.290998069596,9.07988754746,0.0481272474647
K0157,4,0.771445974026,0.727916772874,0.590243242547,0.25895500479,0.128660487503,0.518496135163,-0.000723644854259,0.0737018007596,-0.00012353752275,275053.180927,392742.319023,0.551977138986,0.868020304569,29.4296811834,8.00732262967,18.7185019065,0.656625884926,,0.397353626109,-0.545823831778,9.04705188133,0.290998069596,9.43525415505,0.187528132612
K0159,1,0.42799862519,0.676883771191,1.05380560309,0.730279625957,0.626322477119,0.84091383413,0.315001412968,0.409047341323,0.0890878969504,38488.7732218,204693.19325,0.821134253399,0.659279778393,37.1193056465,11.9938500565,24.5565778515,2.90527807308,,0.392397423539,-0.11879685043,9.0575235333,0.31179953799,8.75076699061,0.0625297163722
K0159,2,0.394910137407,0.485576938644,0.853983625049,0.246593664586,0.443604125909,0.654394230668,0.0187632257571,0.0196253184524,0.0029179058672,40021.1404168,204693.19325,0.758680371925,0.476454293629,31.2267252221,16.0637475849,23.6452364035,1.65727929171,,0.309047540749,-0.320332026429,9.0575235333,0.31179953799,8.8999936129,0.0491378492909
K0159,3,0.55192005911,0.643030502808,0.913633506878,0.500000367934,0.47131773745,1.86850880017,0.31416224789,0.401025041176,-0.0116428827926,63608.6509687,204693.19325,0.747241528595,0.696378830084,34.1129259025,12.1772740072,23.1450999549,1.91723064318,,0.394698868271,-0.369304641251,9.0575235333,0.31179953799,9.08550961595,0.047256498288
K0159,4,0.490726931356,0.770749815066,1.49307098765,1.80625143366,0.727268880455,1.39822605534,0.209872963511,0.420098505112,0.054780419792,62495.0707141,204693.19325,0.99027424564,0.822222222222,45.195889848,10.3611661059,27.7785279769,3.17741001445,,0.435324403535,-0.212911770791,9.0575235333,0.31179953799,9.49460407273,0.264455712872
K0161,1,0.523683739462,0.61929287257,0.877567136014,0.429528635874,0.224066616897,2.31102073598,0.326066443037,0.512398236411,0.0454574642361,42695.7692465,160780.21238,0.752487762719,0.303614457831,35.6700115901,13.5798276479,24.624919619,1.20862969943,,0.351233366494,-0.658680066787,8.90327892395,0.238764093294,8.66897405631,0.147806045902
K0161,2,0.511258190499,0.606023187387,0.816385542169,0.356412150628,0.470655902171,1.08012142339,0.374007750669,0.380427847234,0.0791508899882,35256.7132933,160780.21238,0.722230261074,0.592771084337,34.2507253957,13.4939916211,23.8723585084,2.26978286229,,0.346296639133,-0.197618506259,8.90327892395,0.238764093294,8.80598805034,0.0485962144294
K0161,3,0.3435589112,0.615283240098,0.842890560418,0.391314001181,0.435218514221,0.579506801977,0.216042050719,0.272674528953,-0.0104215341525,46355.0824653,160780.21238,0.764436330095,0.634382566586,34.8271832668,13.3986011029,24.1128921848,2.58863964762,,0.27330421602,-0.0353529177922,8.90327892395,0.238764093294,8.93857913401,0.0333658611187
K0161,4,0.467950544225,0.572392079106,0.90318910593,0.389317779428,0.642743830012,3.26445247009,0.740550072598,0.59335945821,0.155267895521,36277.9668348,160780.21238,0.772275830443,0.285024154589,35.5594425034,15.2054992771,25.3824708903,1.16596660346,,0.334037280971,-0.674215246612,8.90327892395,0.238764093294,9.19995493138,0.221988810884
K0166,1,0.376362049728,0.286359464871,0.902224106345,0.0860498539804,0.541047999353,2.13354429679,-0.00725911257857,0.0734647674499,-0.282476732106,5050.93187238,60650.7356252,0.789734546793,0.350194552529,24.7895393949,17.6908201594,21.2401797771,0.914360414019,,0.293737283062,0.646294416191,8.47919261129,0.626354837965,7.73711624625,0.873044396786
K0166,2,0.297265547898,0.843527052673,2.14932852882,4.18855687383,0.875571144426,2.34526210762,0.508050763471,1.45364458489,0.22180767505,8538.73926291,60650.7356252,1.23647014332,0.887159533074,46.4403425871,7.26665727948,26.8534999333,1.37160008278,,0.402845965557,-0.621889897158,8.47919261129,0.626354837965,8.59929603404,0.0347237998327
K0166,3,0.33529348146,0.48297929608,0.642829680892,0.138122961905,0.208909044446,0.191501226874,0.0206216899773,0.0388460898205,-0.00969823358526,12250.8376662,60650.7356252,0.662204061708,0.847058823529,22.7460791212,11.7601938386,17.2531364799,1.53442690726,,0.251802947529,-0.398814537253,8.47919261129,0.626354837965,8.67912055228,0.0403183594333
K0166,4,0.535016540874,0.51608154263,0.508605957031,0.0996012212709,0.0569166578225,0.265681465318,0.00470815486207,0.0226757312999,0.000491497602444,34779.0291473,60650.7356252,0.558516740381,0.8046875,20.5424369332,9.94086439132,15.2416506622,1.15400363048,,0.294747026181,-0.669733786138,8.47919261129,0.626354837965,8.90341853797,0.136005479323
K0172,1,0.256689546225,0.724424838719,1.31796296296,1.28123186252,1.05840357255,5.78800252266,3.39095037703,2.81821541279,0.118195772355,3283.81086776,28570.0851156,0.982830715088,0.955555555556,29.6977459351,8.18396112576,18.9408535304,0.520764363934,,0.268190600367,0.419937108927,8.58852689132,0.258645185625,8.21632646416,2.31570536508e-14
K0172,2,0.325434243273,0.310534270642,0.593179012346,0.0444929936366,0.0383874172721,0.271557398284,0.00174256825921,0.00318457052809,0.00667389444532,8988.39151742,28570.0851156,0.627036418301,0.2,17.0141279236,11.7306581183,14.3723930209,0.975786070852,,0.272360108735,0.750912032064,8.58852689132,0.258645185625,8.54531533281,0.139073487733
K0172,3,0.445476793196,0.297979684144,0.342949122586,0.0135750052345,0.00940963131502,0.0194926684208,0.000146491441253,0.00145373368379,-4.65760401889e-05,6676.15583504,28570.0851156,0.471317922563,0.314606741573,12.7893743843,8.97840064486,10.8838875146,1.23452088352,,0.212315841027,0.456658467366,8.58852689132,0.258645185625,8.70668390917,0.0496935345194
K0172,4,0.431187189736,0.823688487608,1.58162978684,2.20897493894,6.08487453824,14.8883879763,18.6398122314,8.49607708249,-1.71470956713,9551.42155433,28570.0851156,1.02659555131,0.927374301676,33.1406892586,5.84308504488,19.4918871517,0.427517080074,,0.430415469364,0.372358405802,8.58852689132,0.258645185625,8.88741816431,0.038216505185
K0175,1,0.269702415343,0.518544360149,0.885613504661,0.305040514033,0.207055560176,1.33851324078,0.120778505367,0.216344310089,0.0747238168682,12474.0471153,89773.7686885,0.799409627967,0.444444444444,23.3137961827,11.2245586585,17.2691774206,1.16067150051,,0.243380366319,0.665674868306,8.96542262194,0.247419729268,8.64464999423,0.157133162095
K0175,2,0.477635751305,0.529485643024,0.734863060208,0.219460046575,0.225398354929,0.893564844989,0.000910063165551,0.0992241035575,-0.00530766621902,17249.9423725,89773.7686885,0.688723283108,0.776595744681,21.27090942,10.008268268,15.639588844,1.11148113298,,0.319852824296,0.70242666447,8.96542262194,0.247419729268,8.91810805793,0.0835665693393
K0175,3,0.333461971437,0.807231249186,1.81462200091,2.83785000815,1.81887412839,6.90212724743,2.26511760783,2.84062294578,0.274093433161,13160.5102958,89773.7686885,1.1352190925,0.776595744681,36.2726404086,6.99223158027,21.6324359944,1.46226867622,,0.366851463616,0.584705519274,8.96542262194,0.247419729268,9.0653459032,0.012707466973
K0175,4,0.884599625794,0.747643497956,1.35123358986,1.4147537161,4.0643027142,17.2483505106,17.4883394539,5.59362860352,-3.17225268736,46889.2689049,89773.7686885,0.833492709083,0.521276595745,30.907783631,7.79978016307,19.353781897,1.20562514094,,0.605433188699,0.679613920547,8.96542262194,0.247419729268,9.23529276979,0.15717569139
K0179,1,0.213194331538,0.208920673376,0.914411571917,0.0442933156541,0.164809701646,0.631023365359,-0.0409110714663,0.0419311449484,0.0622262646648,22505.3038653,239391.492709,0.827228941266,0.469715698393,42.6619483211,33.7489853503,38.2054668357,1.179228614,,0.18496955124,-0.390740622555,8.5615764135,0.319284900561,8.14500023358,0.144400295814
K0179,2,0.283588976964,0.325560331839,0.639084097147,0.0573416643679,0.0547319538258,0.171862517684,0.00356436003733,0.0145952470304,-0.00336974293826,36955.6863623,239391.492709,0.673819811113,0.730198019802,37.6792939644,25.4124105178,31.5458522411,1.4074329346,,0.218063188712,0.249361447791,8.5615764135,0.319284900561,8.44413691932,0.0938131271804
K0179,3,0.352746743428,0.221475716682,0.635512143417,0.0242926190899,0.0406256249874,0.153756309297,0.00302256025609,0.0146498470638,0.00510152811163,60179.1415588,239391.492709,0.665470319138,0.596534653465,35.7611357856,27.8409126081,31.8010241968,1.14056470717,,0.236518949198,-0.504204679954,8.5615764135,0.319284900561,8.71032397454,0.0763711519005
K0179,4,0.617675924903,0.2354830193,0.506514373591,0.0176432055474,0.100433142951,0.271239541495,-0.000735868152195,0.00678149191173,0.0083426472057,119751.360922,239391.492709,0.558014322908,0.908415841584,32.1430682655,24.5739215008,28.3584948831,1.15458749703,,0.293628196079,0.497564906343,8.5615764135,0.319284900561,8.94736009113,0.117576811355
K0182,1,0.239656273925,0.378313861747,0.524667988703,0.0538978548688,0.0525672606588,0.0832079186436,-0.00362282942252,0.00897989994903,-0.00087871224975,5772.20457496,29983.5688947,0.622665679324,0.658914728682,19.7616493675,12.2855434808,16.0235964241,0.686911643666,,0.158267644662,0.312509366914,8.80889670171,0.250984995825,8.55016739372,0.0699667714446
K0182,2,0.509084575316,0.745866446381,1.47492638664,1.67954114746,1.14348579312,10.7235151282,7.20732698861,4.71922752263,3.49703474927,4352.417069,29983.5688947,0.991501718082,0.961240310078,37.8124729969,9.6094181338,23.7109455653,0.682197898607,,0.421519182679,0.571318354823,8.80889670171,0.250984995825,8.68058503883,0.0311615541493
K0182,3,0.476457981372,0.432086206868,0.64045715332,0.107635824243,0.033937222518,0.0486759628229,-4.26597054227e-05,0.00484234151146,-0.000381832168448,7559.15198162,29983.5688947,0.628847456851,0.7421875,22.2685990987,12.6466445819,17.4576218403,0.702789957508,,0.323713432522,0.424110554133,8.80889670171,0.250984995825,8.80961624033,0.0891660238745
K0182,4,0.362407559073,0.790392915613,1.34386591773,1.51474516904,4.65998048816,13.7500791435,9.5306877873,4.35736417945,-5.18785405305,12221.7706023,29983.5688947,0.946787639175,0.817120622568,36.3779122484,7.62506812248,22.0014901854,0.704187097384,,0.396346745625,0.596980463997,8.80889670171,0.250984995825,9.19582905335,0.0694914045403
K0187,1,0.21128784026,0.168040376549,0.894966172688,0.0265088637747,0.0321993240131,0.28360416571,-0.00954834995202,0.000538936444748,0.000873810212511,53074.203899,445240.080778,0.811178037118,0.695304695305,46.0182438353,38.2853208131,42.1517823242,0.862423662738,,0.211977890514,0.315289101396,8.76556750065,0.556071037047,8.18899554589,0.776577653848
K0187,2,0.217022157514,0.315163980044,0.76380063493,0.0762262662136,0.0604791794247,0.79702171847,0.0184851812131,0.0710615475883,0.0235601322088,53221.0876972,445240.080778,0.75262729567,0.35964035964,45.6274385337,31.2473134062,38.43737597,1.04202131838,,0.182944607611,0.728369227362,8.76556750065,0.556071037047,8.72839739967,0.0381604280417
K0187,3,0.289515775755,0.294002648535,0.498364230096,0.0278277881572,0.0206170841435,0.0846778164756,0.000530590796151,0.00482830490458,-3.99630496969e-06,112813.496772,445240.080778,0.596805054009,0.878878878879,36.4558823669,25.7377563963,31.0968193816,0.8758066794,,0.185708480369,0.582981452413,8.76556750065,0.556071037047,8.90055533269,0.0701694750956
K0187,4,0.588165357744,0.222882703223,0.461612,0.012995063636,0.0353588622687,0.123549107198,-0.000606852149104,0.00221065955139,-0.00132982890596,225863.273572,445240.080778,0.534154889271,0.728,33.9295709689,26.3672564721,30.1484137205,1.17305708335,,0.277380283954,0.437562909271,8.76556750065,0.556071037047,9.24481180948,0.213718869746
K0204,1,0.132764381934,0.25132171438,0.975286426593,0.0754407508893,0.16101386949,0.231485191342,0.0180282765843,0.0147936903936,0.0231986394158,54670.5782565,879617.0462,0.865844494993,0.658947368421,48.7330208939,36.4853545359,42.6091877149,0.873361981647,,0.129373558284,0.536276639623,9.21642511772,0.321461772457,8.7814407433,0.111747750939
K0204,2,0.301780603307,0.254102880695,0.754402893179,0.0462425357802,0.163126707582,0.163978171193,0.000765159886796,-0.00415531162902,0.000658866985498,171232.197686,879617.0462,0.732100479249,0.95468914647,42.8952688071,31.995457435,37.445363121,1.24389768032,,0.237264576405,0.358537745519,9.21642511772,0.321461772457,9.11489950199,0.085253485908
K0204,3,0.340400437132,0.386472990374,0.517125786003,0.0548888487229,0.0761444329724,0.209978928721,0.000541773967646,0.00689727470433,0.0026622123634,250773.036111,879617.0462,0.597979497435,0.918861959958,37.764734751,23.1696847811,30.467209766,0.985868238248,,0.220034724111,-0.769689129781,9.21642511772,0.321461772457,9.36291548943,0.0707853952621
K0204,4,0.439122832598,0.265037214086,0.375816731649,0.0125895086076,0.00225054964922,0.114292853621,-0.000363549549863,0.00502210086783,-0.000211659352824,402941.234147,879617.0462,0.50093875432,0.552742616034,30.4185037819,22.3564682829,26.3874860324,1.32267641389,,0.209312788089,-0.210089880459,9.21642511772,0.321461772457,9.60731499352,0.121276071813
K0205,1,0.530200982675,0.55446157865,0.942846020761,0.397561582791,0.128575877096,0.787292574695,0.0317090474122,0.0898485542989,0.03696300862,17604.0561545,145488.692797,0.768589470816,0.852941176471,32.7092065042,14.5732082295,23.6412073669,1.0643355706,,0.389212226646,-0.738773318714,8.9072585327,0.221418730621,8.62115057776,0.0902313328331
K0205,2,0.38367859156,0.642638333516,1.06813376145,0.682626069748,0.670161737971,4.06567798927,1.11636304164,1.13200321795,0.0225595855433,21930.3935745,145488.692797,0.846958427171,0.648967551622,35.8380572093,12.8071478479,24.3226025286,0.669427422349,,0.347685378713,0.527817916082,8.9072585327,0.221418730621,8.82802971331,0.0625977656507
K0205,3,0.390794697263,0.686228744259,1.1705867509,0.923043239921,1.78259002086,7.63841229383,3.48618107691,1.90937503712,-0.418046471475,40557.1030501,145488.692797,0.877911806396,0.884955752212,38.0137772634,11.9276306274,24.9707039454,0.965917748802,,0.384630601471,0.764275231934,8.9072585327,0.221418730621,9.0173129047,0.0552505348961
K0205,4,0.3578536991,0.466441617118,0.504389972242,0.0788742240754,0.131415954745,0.00332901354334,-0.00122560913827,-0.00603971409864,-0.000995889024994,65397.1400183,145488.692797,0.586937448929,0.985250737463,23.0735711461,12.311097308,17.692334227,1.11274602776,,0.226517407931,-0.689237291501,8.9072585327,0.221418730621,9.16338491129,0.122343024819
K0209,1,0.272823476965,0.509103357404,0.709552116601,0.188341650156,0.0541256064248,0.675621662415,0.0227470463104,0.0930375808651,0.000515928584131,33337.0538073,248554.879988,0.713277186135,0.794310722101,45.7207069929,22.4441415599,34.0824242764,0.939301934429,,0.221128109283,-0.734185788637,8.6449049208,0.433181903133,8.02006535892,0.35456839888
K0209,2,0.401608350853,0.396268642508,0.694521989181,0.104634030532,0.0463972401164,0.00376896568829,9.25614527058e-05,-0.00185697005743,-6.17108239783e-05,62689.3201939,248554.879988,0.692088577673,0.904709748083,43.1144607991,26.0295519458,34.5720063724,0.749509426609,,0.257460218896,0.462096627233,8.6449049208,0.433181903133,8.64357983666,0.101800670511
K0209,3,0.28465440582,0.264425712046,0.558000597431,0.0276133208308,0.0786100095224,0.183473621217,0.00189682662856,0.0028877301116,-0.00592545601518,66658.9126828,248554.879988,0.628891395773,0.661555312158,36.3639958159,26.7484203294,31.5562080727,1.3556729752,,0.206331555468,0.0655954652509,8.6449049208,0.433181903133,8.87161358274,0.0471169216708
K0209,4,0.430954116651,0.422858721709,0.629000028855,0.0990176996862,0.0259594166278,0.0710772201492,0.000477750591864,0.00413045099239,-0.00183163481382,85869.5933041,248554.879988,0.64909882175,0.80701754386,41.4880170057,23.9444471684,32.716232087,1.42012160636,,0.268279415772,-0.415794766122,8.6449049208,0.433181903133,9.04548403595,0.0978508617402
K0232,1,0.32695568642,0.232264246282,0.639978134111,0.0273308620551,0.0121458181526,0.103957109442,6.16937760248e-05,-0.0076130026018,0.00125594197963,46228.1324112,291578.059521,0.675459941456,0.204081632653,39.7288974082,30.5012949961,35.1150962022,0.80067963196,,0.215202582819,-0.280585819667,8.7903885645,0.351162066891,8.30334064228,0.220271892236
K0232,2,0.262809388226,0.233411949627,0.696802374011,0.0327508440241,0.0547222653259,0.0699515290679,-0.000231385665414,0.00110031444945,-8.78454234182e-05,53498.890564,291578.059521,0.710169513067,0.848979591837,41.4781588386,31.7966609171,36.6374098779,1.06267225809,,0.206959915642,0.667425942667,8.7903885645,0.351162066891,8.73197869613,0.0843284456703
K0232,3,0.284269642374,0.11999238546,0.722720923716,0.00844225040844,0.0156819305598,0.0488509692351,0.000103610832739,0.00111504330797,-0.00012261444938,66784.8650488,291578.059521,0.718009177906,0.961145194274,39.9169484111,35.127218551,37.522083481,1.04819368281,,0.225471435292,-0.595917267187,8.7903885645,0.351162066891,8.93247013303,0.0533469646294
K0232,4,0.610103199697,0.156721378085,0.568681848961,0.00921757853551,0.0402852115744,0.0548345592023,0.000653004445564,-0.00231953013255,0.000211535025183,124815.745868,291578.059521,0.598438118265,0.651685393258,36.0757973904,30.4219487078,33.2488730491,0.847218685263,,0.296707367955,0.116115951908,8.7903885645,0.351162066891,9.19396437638,0.104949579892
K0260,1,0.432427767523,0.440682651991,0.786179711236,0.169333820926,0.394822475294,0.0459517106206,0.00112070366003,0.00636642834923,-0.021405184606,92511.8702983,520245.191129,0.741895880417,0.52119958635,48.1281233075,26.918894293,37.5235088003,0.701527578511,,0.258786448813,-0.431438506081,9.18704192361,0.201197361049,8.93850738864,0.116211383495
K0260,2,0.227231054014,0.185514492909,0.786090949632,0.0253059047074,0.385789296203,0.120425273232,-0.000749632295048,-0.000946804160043,-0.000322199254591,83195.7807889,520245.191129,0.762059062528,0.858324715615,42.7546175726,34.8230163741,38.7888169734,1.11136407059,,0.191166808886,0.512068033089,9.18704192361,0.201197361049,9.1278215098,0.0276666364159
K0260,3,0.226749785885,0.52572505514,0.60203280625,0.145106653264,0.000908007508651,0.0321513533938,4.99987567422e-05,0.00437222874662,-2.32996569719e-05,109042.395733,520245.191129,0.656235586128,0.901554404145,43.5558911435,20.6574678704,32.106679507,1.47398228059,,0.202824433121,-0.473488396041,9.18704192361,0.201197361049,9.24439829768,0.0588813493498
K0260,4,0.431377520922,0.37333673251,0.421210387116,0.0337345937728,0.0158989741724,0.0309883886382,-0.000409940214815,-0.00192979923125,-0.000307057158603,235396.4144,520245.191129,0.524402967922,0.645962732919,34.1852089767,21.4226147572,27.803911867,0.970206135659,,0.23548369081,-0.750698451808,9.18704192361,0.201197361049,9.43755346063,0.113436927466
K0273,1,0.331175337553,0.55840883366,0.995834816661,0.450013540569,0.289018298663,1.60284284404,0.513608268509,0.674147462738,0.0970368966882,33446.0250459,434677.114955,0.836271546238,0.0981132075472,42.03171684,18.5608348627,30.2962758514,2.17387188313,,0.289215912725,-0.130853272758,9.11172027129,0.306472161424,8.71277941437,0.235092284572
K0273,2,0.535016540874,0.670433580006,1.03308664563,0.689992469819,0.235573553384,0.230324733273,0.0285982685148,0.0963536782956,-0.00606306119589,69811.9212278,434677.114955,0.813319394532,0.922495274102,44.4054239956,14.6345366146,29.5199803051,1.61511848915,,0.386502124155,-0.491575834028,9.11172027129,0.306472161424,9.05840501317,0.0459681800057
K0273,3,0.505729200316,0.60667310897,0.90391329362,0.437850850643,0.170338599022,0.872074705177,0.115796431548,0.280067849599,0.0112969278418,112042.478717,434677.114955,0.762951028188,0.661625708885,40.6991649915,16.0080760336,28.3536205125,1.93716101945,,0.356907951984,-0.329030544584,9.11172027129,0.306472161424,9.20450992299,0.0504724940196
K0273,4,0.520282326448,0.599678930621,0.670584367552,0.235554450487,0.195255926868,0.216044070327,0.0345694442089,0.0832222889769,-0.0115367982565,219376.689964,434677.114955,0.65388132737,0.468809073724,34.9709518589,13.9996088453,24.4852803521,2.40998894761,,0.314302436243,-0.110258462663,9.11172027129,0.306472161424,9.47194087612,0.123057974967
K0306,1,0.326279130245,0.668125303232,1.30453743667,1.09345151201,1.79695413205,5.86584134753,0.257766544649,2.72703875587,-0.727382831903,9203.34043908,76646.5583518,0.95447826225,0.849315068493,41.4205314011,13.7464262987,27.5834788499,0.489174299441,,0.337709174503,-0.349274838739,8.8408795506,0.294822148599,8.50481530018,0.0448098807656
K0306,2,0.320233461366,0.404354603287,0.63008444361,0.0900427801567,0.173173670357,0.408291872116,0.0144281980044,0.0522778852982,-0.0300221018663,15688.3290421,76646.5583518,0.659058207912,0.487671232877,26.0578910667,15.5212628619,20.7895769643,0.63148257771,,0.24650365952,0.222577409702,8.8408795506,0.294822148599,8.6223244215,0.0718212651347
K0306,3,0.61145481527,0.587150577994,0.702995393454,0.248252678106,0.397660944449,0.505940138611,0.166646193193,0.214803147964,-0.0482825626205,26356.6657764,76646.5583518,0.639584949982,0.479338842975,29.5314049039,12.1920234456,20.8617141747,0.439983858183,,0.374862524196,-0.153479131841,8.8408795506,0.294822148599,9.03129194157,0.0640717103482
K0306,4,0.315803096092,0.588828461855,0.866146902548,0.37900523201,0.212137035642,1.35594441497,0.104047026844,0.442895494592,-0.0580447785708,25368.4362049,76646.5583518,0.774503146919,0.884615384615,32.8441243299,13.5045691198,23.1743467248,0.449430677792,,0.280871602596,-0.182578664768,8.8408795506,0.294822148599,9.20557394863,0.0785954184433
K0310,1,0.292990756003,0.488235187814,1.23735936129,0.523800869972,1.28982966024,0.990517070404,-0.015028859809,-0.124573537214,-0.139378347255,7730.98808615,52755.988415,0.948448833202,0.474295190713,48.6321590941,24.888227765,36.7601934295,1.80713289303,,0.271122319719,-0.216051546633,8.36179921295,0.477849541183,7.70236127743,0.297534671839
K0310,2,0.199975393526,0.704972006219,1.21135528305,1.03502983687,0.21691695079,0.307917134833,-0.00134965005651,-0.0426191729241,0.00232054351424,11264.2149518,52755.988415,0.926825851409,0.950166112957,51.8013340669,15.282843665,33.5420888659,2.1676504283,,0.303415001354,-0.343775223177,8.36179921295,0.477849541183,8.25710998047,0.100370827262
K0310,3,0.456432192322,0.284815166661,0.525477091864,0.0288433350415,0.0545929242489,0.230340722632,0.00676886202724,0.0157422762087,-0.00190382111568,19606.9936056,52755.988415,0.581127804436,0.920265780731,28.9336077863,20.6928774625,24.8132426244,1.3437222638,,0.273705013851,0.23844701643,8.36179921295,0.477849541183,8.58038977555,0.109377158943
K0310,4,0.279905366189,0.338088806647,0.533270948862,0.0434089145858,0.127734325649,0.35223680179,0.000336803001886,0.00865764325035,-0.00760483109248,14153.7917715,52755.988415,0.613211920725,0.658901830283,29.8567588669,19.7625228913,24.8096408791,0.908715045091,,0.204849406479,0.662019330829,8.36179921295,0.477849541183,8.90934076766,0.0941103474302
K0312,1,0.191967681689,0.198215714967,0.848568278259,0.0340294763782,0.24975155376,0.379669479985,-0.0240297028719,0.031672103823,0.0582305046512,31724.9275818,157837.585862,0.793105294453,0.369942196532,42.2747868938,33.8952597845,38.0850233392,1.2032806561,,0.193749204986,-0.285227769181,8.60039618345,0.269313406654,8.25206647181,0.145575116261
K0312,2,0.202676203327,0.599561128251,0.931979017007,0.454808466244,0.0252197910554,0.10461657326,0.00100150869461,0.00186436281483,-0.000305622853039,29659.0021802,157837.585862,0.82940990465,0.885549132948,52.7164761465,21.1097262307,36.9131011886,1.94973253785,,0.210135488879,0.316453577227,8.60039618345,0.269313406654,8.53182272786,0.0507890660541
K0312,3,0.277976383945,0.31718056278,0.633572288857,0.0531947753564,0.199899413565,0.533220572116,0.00851320947666,0.0148219267618,-0.0150281201376,28183.0459945,157837.585862,0.67329780911,0.913093858633,38.6216297227,26.3715994718,32.4966145972,0.780124427807,,0.207873556115,0.419364047889,8.60039618345,0.269313406654,8.68215025152,0.0508069900614
K0312,4,0.441107143878,0.198585050261,0.278635116598,0.00368387907142,0.00941500448196,0.0340155931798,2.0972113633e-05,0.000405076915926,7.2312077047e-05,68204.4070926,157837.585862,0.42981147237,0.601851851852,24.2149207143,19.4061994672,21.8105600908,1.24523641989,,0.184128756503,0.0670312618819,8.60039618345,0.269313406654,8.93593171728,0.135660528252
K0353,1,0.291151750732,0.24363934394,0.747991343151,0.0414538912672,0.221796030537,0.298480441794,-0.0121499371273,-0.00252727352172,-0.00530496778265,80028.7435842,441130.829674,0.72507227158,0.924750679964,45.8171970781,34.6543252408,40.2357611594,1.18503150669,,0.248258732146,0.452444608699,8.7196502579,0.229366146928,8.43137958307,0.122046507302
K0353,2,0.237807195809,0.154260162408,0.717734292612,0.0141941037854,0.00220902658457,0.00452857094746,-4.64398365754e-06,6.13031442024e-05,8.13008279496e-06,93979.9885605,441130.829674,0.72033223947,0.86491387126,42.966760482,36.3387010319,39.6527307569,0.907476211171,,0.211450115686,0.474153013192,8.7196502579,0.229366146928,8.65228128718,0.0393537324476
K0353,3,0.332743123772,0.197621948788,0.623815687332,0.0182713736576,0.0166725396884,0.139956734815,-0.000997260608481,-0.000954571662761,-0.000901358448698,112100.08621,441130.829674,0.662253333424,0.819255222525,40.8814151684,32.8023502336,36.841882701,1.13972537492,,0.224464878018,0.463545079452,8.7196502579,0.229366146928,8.78079376598,0.0404636626072
K0353,4,0.412164656397,0.32285177744,0.475574849885,0.0311714103023,0.00909328068143,0.0159629598772,-0.000101101551507,-0.00185807229733,-1.92221976545e-05,154733.067956,441130.829674,0.565231435802,0.802177858439,37.9116417545,25.6718008284,31.7917212914,0.831420610191,,0.23159111678,0.52836298816,8.7196502579,0.229366146928,9.01427074474,0.119060044612
K0355,1,0.226464788291,0.503833663771,0.83777394933,0.256818053823,0.186009939226,1.63098106819,0.0586810001179,0.258575322635,0.0499907769159,53209.3934181,436924.792892,0.786825910071,0.850230414747,48.3128564674,23.9712129862,36.1420347268,0.856427406443,,0.19743732546,-0.656896341398,8.12944146453,0.393690868609,7.59866414668,0.168783472816
K0355,2,0.26514855537,0.0859061017609,0.629299040116,0.0031779557663,0.0358975549125,0.0521511369262,-0.00197415046344,0.000350598228671,2.59477029473e-05,73853.255559,436924.792892,0.676506190676,0.937788018433,34.5011200883,31.5372633552,33.0191917217,0.914101755434,,0.191483912076,0.00689871216808,8.12944146453,0.393690868609,8.02437783583,0.072248705375
K0355,3,0.48291622348,0.211592921524,0.445551472353,0.0108106292491,0.0116329569272,0.0994028940846,-0.00086679209159,-0.00132464193478,-0.000129130056692,169087.129989,436924.792892,0.537464806404,0.842956120092,30.8509063519,24.3230729452,27.5869896485,1.07506638955,,0.245671350137,0.627994376715,8.12944146453,0.393690868609,8.26480675688,0.101231497598
K0355,4,0.412989954688,0.61390987328,0.798021522199,0.349246247619,0.28780549915,0.789745699522,0.203599126915,0.33984823509,0.00836763092659,140707.34079,436924.792892,0.728144974605,0.235294117647,49.0765966251,18.94798941,34.0122930175,2.5801524417,,0.30984101522,0.034254855596,8.12944146453,0.393690868609,8.63040259718,0.117157465451
K0475,1,0.353105166428,0.415687806485,0.574206084008,0.0794733731509,0.266418611538,0.00694743315258,0.00200184726212,0.0043318920499,-0.000536937669927,70874.63004,204645.125807,0.62412332663,0.189054726368,26.2358058741,15.3299012789,20.7828535765,1.57017093191,,0.248305687068,0.26646412117,8.28828581038,0.40957802761,7.73335844436,0.217785669518
K0475,2,0.484885175192,0.594899473154,0.951096507512,0.466407745932,0.671814535401,0.417646953421,0.0248105325502,0.178058551791,-0.111371264815,46084.0598111,204645.125807,0.790963515571,0.721393034826,36.2459068786,14.6832359725,25.4645714256,1.55360268028,,0.348934016024,0.478039908324,8.28828581038,0.40957802761,8.1932177811,0.0927669622761
K0475,3,0.523736432054,0.557766192595,0.78980625,0.282401041602,0.355525923115,0.197445646397,0.00280427220287,0.0331926285343,-0.0094540780201,43991.4052483,204645.125807,0.698912960126,0.94,32.5111727288,14.3775396991,23.4443562139,1.24825025818,,0.359361596341,0.620281113728,8.28828581038,0.40957802761,8.44301179071,0.0867897498832
K0475,4,0.284101871208,0.593327872935,1.1500488181,0.678376887264,1.53046545905,8.24892295745,2.19568113373,1.83247837526,3.6071295427,43542.8757926,204645.125807,0.903304168571,0.00997506234414,39.7856196291,16.1797025612,27.9826610951,1.29932062902,,0.292159901327,0.602614901685,8.28828581038,0.40957802761,8.7840039471,0.143167103382
K0486,1,0.235152009881,0.322981928941,0.810473419263,0.0906116183523,0.121326477201,1.2207030562,0.0539522124995,0.128003066585,-0.0871064700578,7875.99322111,122967.198176,0.769033652123,0.202401372213,35.9999801764,24.3726371372,30.1863086568,1.02255427237,,0.214431597086,0.755359351637,8.39302194195,0.408925189954,7.85057250551,0.215802222433
K0486,2,0.321003878,0.422259978146,0.716592269813,0.128116262804,0.0951731397116,0.571621698889,0.0550361096473,0.122664790549,0.0280206494866,16455.6245294,122967.198176,0.713746027387,0.175257731959,35.3659128053,20.432303237,27.8991080212,1.6165203476,,0.230614222848,-0.232485916529,8.39302194195,0.408925189954,8.2436692718,0.0993207501679
K0486,3,0.412085177776,0.538357381618,0.663528418417,0.185242073187,0.134651969765,0.818926300851,0.0507989635972,0.115233771591,-0.0082752235993,30718.3321197,122967.198176,0.667039572419,0.505154639175,35.6837478017,16.4731387689,26.0784432853,1.41680364733,,0.275787422374,0.514080857922,8.39302194195,0.408925189954,8.63000406153,0.111215427784
K0486,4,0.686596587461,0.748719816922,0.790132746378,0.484803314933,0.579159299605,0.865608794948,0.433967093725,0.512382306906,-0.00407374466109,67917.2483054,122967.198176,0.682623084983,0.378657487091,41.5597101244,10.4431315687,26.0014208465,3.82953461525,,0.391763146933,0.0710706723839,8.39302194195,0.408925189954,8.84955839956,0.136377481912
K0528,1,0.200445255391,0.10926897531,0.680042327331,0.00613719537975,0.0057942556165,0.344420190844,-0.0024210243078,0.0105064048457,0.00151896001157,6065.51496802,79947.1110035,0.713151960278,0.0,33.3207457736,29.6798220264,31.5002839,1.12165105926,,0.160148167055,0.0625069636379,8.25056834962,0.641011956075,7.25606945158,0.344947273303
K0528,2,0.32794676363,0.511568101586,0.921412628027,0.320874392539,0.0336003413987,0.13758279744,0.00352289800362,0.0524268307973,0.00393641246801,13215.1173335,79947.1110035,0.80995850911,0.762295081967,46.6716428504,22.7959191195,34.733780985,0.526198025773,,0.260505733204,-0.199851737089,8.25056834962,0.641011956075,8.29328284621,0.0851985262481
K0528,3,0.371896423793,0.60146143568,0.742794145243,0.290709826109,0.306536167086,0.479223713076,0.00236679465259,-0.00986952740179,0.0123763920844,22586.6694628,79947.1110035,0.719545436319,0.6,43.2628610823,17.2419185441,30.2523898132,0.431467998771,,0.253456286083,-0.166273211559,8.25056834962,0.641011956075,8.58161185001,0.102230223868
K0528,4,0.640496598083,0.645469299596,0.465114407676,0.13049963578,0.153588315806,0.638496527643,0.0201906408094,0.0593160660152,-0.0132247905383,38024.1227214,79947.1110035,0.528855557249,0.831737346101,34.7583208057,12.3228918201,23.5406063129,0.844050062045,,0.292050893927,0.676425828456,8.25056834962,0.641011956075,8.87240282145,0.137323045733
K0548,1,0.413855756419,0.209720183237,0.551398156421,0.0162401830083,0.0645896153129,0.197021510133,0.0034490815318,0.00466069173095,-0.000534022718085,163795.048254,565827.056698,0.611508902201,0.670602125148,33.9108642674,26.7990715995,30.3549679334,1.25327896089,,0.243109008649,0.140867132268,8.86507843283,0.304444219138,8.46190416356,0.166542396373
K0548,2,0.361013298818,0.125375637112,0.590401012533,0.00618123771174,0.00966702153831,0.175468421202,-0.000458435037329,0.000836026167797,0.00113503769462,147912.620939,565827.056698,0.639715852737,0.805194805195,33.6648634549,29.4441097509,31.5544866029,0.963925720186,,0.233301351266,-0.645696731915,8.86507843283,0.304444219138,8.78241428476,0.0621326943132
K0548,3,0.310119450425,0.239455646128,0.630650187318,0.0283708121293,0.00417125532128,0.213956827658,0.000953364200384,0.0140882429874,-0.00114986799931,162871.606612,565827.056698,0.657911606503,0.913609467456,36.7485549218,27.9489059588,32.3487304403,0.940760917142,,0.247511738106,-0.670203241524,8.86507843283,0.304444219138,8.98176511822,0.0677941791335
K0548,4,0.242240157332,0.461775430431,0.841027726081,0.214562587522,0.00221101357197,0.177911406622,0.000378928100457,0.0407253910732,0.00110871930448,91125.8284349,565827.056698,0.782306704012,0.54609929078,46.9762552627,25.2837747687,36.1300150157,1.72676668039,,0.218345065155,-0.221277571416,8.86507843283,0.304444219138,9.23442320817,0.122832094266
K0581,1,0.17328679514,0.600761236128,1.02936919113,0.557018347131,0.0867200598454,0.277629378457,0.00451231667254,0.0292703098924,0.00390299527949,12076.4876205,115681.739208,0.878071964663,0.520094562648,38.7588327274,15.4740284672,27.1164305973,2.48260908182,,0.197614731925,-0.0541113436445,8.77825982556,0.281872438407,8.4697445942,0.0680219434208
K0581,2,0.345301322903,0.613248353082,1.12468273399,0.692236044341,0.683271504424,0.892468754891,0.555859001765,0.637063378094,0.193286847283,18704.1966014,115681.739208,0.885218707874,0.658767772512,40.637991295,15.7168100608,28.1774006779,2.47475066445,,0.315435518571,0.117973048658,8.77825982556,0.281872438407,8.61102454782,0.0548871180082
K0581,3,0.316322307079,0.0183947817358,0.379876912019,4.97308577682e-05,0.00976419190104,0.0441081061259,7.36395774557e-05,3.46929370136e-05,-0.000133457186602,34047.9368698,115681.739208,0.518716577393,0.734597156398,18.0711928479,17.7387771998,17.9049850238,0.995486902325,,0.170896740996,0.662329457818,8.77825982556,0.281872438407,8.8582184395,0.085084458797
K0581,4,0.746556947311,0.699077686781,0.846756675938,0.498627612852,0.930881455834,1.21159972131,0.608245024359,0.573643851727,0.0786590883203,50853.1181159,115681.739208,0.695222463516,0.764845605701,36.1598585757,10.8813082883,23.520583432,2.35687435888,,0.424526408188,0.292906581237,8.77825982556,0.281872438407,9.17572465927,0.124364413349
K0603,1,0.267528237635,0.0861401177401,0.751001131931,0.00455170424147,0.0454614809867,0.293773814529,-0.00953562907041,-0.00742064224821,0.00549296352009,25844.3300706,235252.018317,0.743955563296,0.330042313117,34.0673868364,31.1328181232,32.6001024798,0.924965709114,,0.191682338193,0.261339549909,8.61901722387,0.332697462123,8.16621870101,0.130358761614
K0603,2,0.374492626892,0.224915507715,0.587081857065,0.021439957457,0.0419924634113,0.0818073219201,-0.00227930477517,-0.00294637399304,0.00245787786731,54746.9000463,235252.018317,0.638706902346,0.457627118644,32.2280025289,24.9794249775,28.6037137532,0.829803632203,,0.229836216651,0.36925579441,8.61901722387,0.332697462123,8.54034528186,0.0753685623697
K0603,3,0.219692073138,0.406791239748,0.85537960037,0.168158707075,0.363490958172,0.531370331271,0.0539325449797,0.0809986412526,0.102925489277,39286.4173583,235252.018317,0.782966908037,0.618644067797,42.3305903853,25.1108770432,33.7207337143,0.59487071827,,0.241414802378,0.0474553281411,8.61901722387,0.332697462123,8.74087467135,0.0301954414256
K0603,4,0.437938533654,0.308480482222,0.419589278304,0.0219377570171,0.0122889500335,0.148611829584,0.00151445336678,0.00900204797244,0.000567539438589,115374.370841,235252.018317,0.525979319,0.398305084746,28.3525632383,19.6063508583,23.9794570483,1.29108447881,,0.229524473071,0.391780008856,8.61901722387,0.332697462123,9.02926978721,0.156674918542
K0606,1,0.398581068656,0.579679730862,1.0874008473,0.578921148733,0.69647543255,1.16771165437,0.55872396557,0.628000700973,0.129445186455,10245.0512759,78521.9935494,0.865478857475,0.972868217054,43.6739527927,18.3570475922,31.0155001924,0.564720673232,,0.326220395917,-0.370330337622,8.30621202986,0.328380410589,7.87636452834,0.23265809633
K0606,2,0.345188545186,0.526924750112,0.842959751155,0.285850993205,0.0311400783235,0.290427169746,-0.00399894030824,0.058090266924,-0.00623204809128,14746.3453921,78521.9935494,0.7612010091,0.67572815534,37.6687987699,17.8201763911,27.7444875805,0.640556300289,,0.287152465051,-0.425494236583,8.30621202986,0.328380410589,8.23818837593,0.0569226691422
K0606,3,0.34657359028,0.68185419269,0.864571590159,0.497927641455,0.0285286728231,0.082486316685,0.000399576700125,0.021022972926,0.000269988040152,16306.9882478,78521.9935494,0.77270639933,0.796116504854,40.2158900827,12.7945168171,26.5052034499,0.318234471295,,0.285958563213,0.00755024580865,8.30621202986,0.328380410589,8.42474917752,0.0696497680386
K0606,4,0.674801544076,0.642612604669,0.708663265152,0.30045466485,0.518007213701,0.6217833728,0.160660342905,0.238280739748,0.0474578067525,37223.6086335,78521.9935494,0.62359168062,0.43579766537,35.9442782079,12.8460319658,24.3951550868,0.364531961097,,0.408262366769,-0.072308878165,8.30621202986,0.328380410589,8.68712032076,0.142772106526
K0609,1,0.33066716631,0.329479122771,0.628490390728,0.0569457858949,0.0697926131592,0.326748598224,0.0118159677335,0.0512501245281,0.0237947484584,13121.6840489,96235.5067125,0.657249661227,0.202797202797,22.2709378345,14.9331287735,18.602033304,1.40952241126,,0.249071054874,-0.257679415626,8.91128022988,0.324855259466,8.52697963264,0.152512942448
K0609,2,0.393376475802,0.773079151183,1.65457968605,2.22763257619,2.59899893559,3.14929735598,4.67615556229,3.36299461042,0.335184581324,13257.8051051,96235.5067125,1.05234829301,0.825174825175,42.4281063245,9.62782190085,26.0279641127,2.88102453373,,0.439568044509,0.257613207206,8.91128022988,0.324855259466,8.75930560608,0.0376346314266
K0609,3,0.59759880941,0.800955172981,1.44678635191,1.78627278792,3.71887265871,5.95636607847,11.2851936167,4.88102713237,-0.145612980755,34228.3522642,96235.5067125,0.921013314146,0.908450704225,39.7607251186,7.91416665339,23.837445886,3.14104897417,,0.530563369983,0.244009529326,8.91128022988,0.324855259466,9.01645734476,0.0726018861358
K0609,4,0.539229213462,0.653752262563,0.761317328409,0.357980212545,0.348027810638,0.809163794792,0.183083608321,0.308892534943,0.0217395219398,35486.1500094,96235.5067125,0.700677409382,0.526315789474,27.8386445195,9.63906767819,18.7388560988,2.34223182597,,0.324787325002,0.24738738471,8.91128022988,0.324855259466,9.34300171888,0.154501705143
K0652,1,0.443680820519,0.841454287626,1.9175308642,3.3251292437,13.2613625382,24.1238792195,3.32507337422,17.2090561701,15.4097697161,8425.63996355,38807.0424418,1.13118145448,0.844444444444,44.9461150734,7.12601383275,26.0360644531,0.349146194355,,0.47741960714,-0.302019661388,8.71101695836,0.3920082234,8.19575984565,0.418083992765
K0652,2,0.414410003563,0.597687471323,0.94731138546,0.467002609321,0.0826966036291,0.322642329257,0.0217219867223,0.137651145157,0.0232646339046,7749.37122582,38807.0424418,0.799970979942,0.785185185185,29.6744187753,11.9383904545,20.8064046149,0.549561047928,,0.323671242769,-0.366535118277,8.71101695836,0.3920082234,8.73578073339,0.0401891892639
K0652,3,0.626381484248,0.748251971082,1.61200991312,2.01599943191,3.45857985811,9.04002357085,16.5071056199,8.16454347786,0.345024463975,8508.40519551,38807.0424418,0.982123041939,0.694029850746,40.3123022104,10.1485426226,25.2304224165,0.357444129366,,0.541985923814,-0.24947614766,8.71101695836,0.3920082234,8.83554313455,0.0604918874036
K0652,4,0.471562578162,0.534906786297,0.518580450795,0.111642420536,0.0375538424605,0.00681483414,-4.33856974527e-06,-0.000278886538021,3.4044832636e-06,14039.7017972,38807.0424418,0.580236711264,0.951672862454,21.4186337384,9.96166119853,15.6901474685,0.663784335259,,0.263699972813,-0.461984932834,8.71101695836,0.3920082234,9.07751748198,0.136288258101
K0657,1,0.262011349782,0.198055967162,0.754110119993,0.0268282585173,0.129297202743,0.503709668657,0.0108662390246,0.0157996043202,0.0335109758306,18630.1563657,133684.50599,0.741354662676,0.814385150812,39.780215768,31.9015066601,35.8408612141,0.803727568371,,0.207622884045,0.0698789101735,8.77840663149,0.266659825002,8.45893514791,0.138829824942
K0657,2,0.247767686766,0.489718304783,0.934940464387,0.30100131559,0.138369382905,0.0419180632757,-0.00107614859972,-0.00249708575532,0.000529002799208,22564.8970807,133684.50599,0.824987651858,0.845528455285,50.5442226596,25.7917916222,38.1680071409,1.27069592563,,0.231053333793,0.579305853,8.77840663149,0.266659825002,8.65446786576,0.058823925275
K0657,3,0.377494279726,0.184945676418,0.544279738467,0.0120515153488,0.0421088915468,0.0857861981896,-0.000156481904872,-0.00106212844822,0.000368180699992,36662.4781118,133684.50599,0.613634225953,0.973286875726,33.5602417471,27.3534201364,30.4568309417,1.12048435228,,0.225325541411,0.487239038332,8.77840663149,0.266659825002,8.89713089469,0.0608795746511
K0657,4,0.535016540874,0.434157343672,0.490415089237,0.0637754110743,0.0755482658193,0.029911856437,0.00125422165416,0.00864928579049,-0.00215390065404,55826.9744322,133684.50599,0.556625061376,0.883720930233,35.7474364125,20.2274243766,27.9874303945,1.76485189524,,0.273467032886,-0.0313090956051,8.77840663149,0.266659825002,9.10384163791,0.143322118146
K0679,1,0.461240876323,0.690660137904,0.649158926234,0.287051169398,0.218947012642,1.09999580789,0.0907095667788,0.179316953373,0.0133553005339,109258.209399,269376.653053,0.651271470567,0.248587570621,28.9643019506,8.95981317111,18.9620575609,1.39356643656,,0.294554326684,-0.586188958348,9.21139550887,0.282217154373,8.81197714812,0.111592883262
K0679,2,0.447255872352,0.509981913057,0.609546661959,0.139502089409,0.0843104836607,0.201455000754,0.00117953169789,-0.00230887761406,0.00235227275448,89950.1538595,269376.653053,0.635244614583,0.85552407932,26.3444641541,12.9092639263,19.6268640402,1.87847777477,,0.273553943924,-0.212240594134,9.21139550887,0.282217154373,9.13885302171,0.0558875539671
K0679,3,0.438600920671,0.584667045063,0.910062676051,0.412525014588,0.518014529714,1.02282358824,0.528679155958,0.534325495758,0.0260249356707,41599.5768932,269376.653053,0.773337673125,0.373937677054,33.1052066545,13.7496833036,23.427444979,2.40736824354,,0.34083948059,-0.00707222969737,9.21139550887,0.282217154373,9.34750452887,0.0492609208085
K0679,4,0.33881880427,0.740861509376,1.63275525845,2.03708928727,1.44615969122,1.55802992726,1.93385220968,1.81777576713,0.12488958814,28568.7129016,269376.653053,1.07322864828,0.838526912181,46.4798372284,12.0447148638,29.2622760461,3.11227819124,,0.359656082683,-0.188365431876,9.21139550887,0.282217154373,9.54837883354,0.0572298419097
K0707,1,0.354081662055,0.222821079153,0.448061875768,0.0122359665086,0.0137356760505,0.0532886500901,-0.000299444960523,-0.000411064608975,-0.000248552087875,242744.097091,788007.77449,0.558881380943,0.919831223629,32.5461799157,25.2942049846,28.9201924502,1.16483931337,,0.198782887873,0.455281973678,8.8352162429,0.252426825442,8.49398453739,0.148935772432
K0707,2,0.374325471448,0.0520427801225,0.514930388649,0.000755961062026,0.00596660264846,0.0617890252595,0.000116487988502,-0.000149584606772,0.000116632104439,251754.957181,788007.77449,0.593133832673,0.776371308017,32.0692696432,30.4002956944,31.2347826688,1.04586795755,,0.229291727898,0.28735627971,8.8352162429,0.252426825442,8.77430054181,0.0485390240677
K0707,3,0.315349355853,0.315791769565,0.784850198231,0.0808409209394,0.0145146793468,0.0229970915595,-4.36698078402e-06,0.000719852049696,-3.0224096754e-05,182526.658667,788007.77449,0.740588526496,0.909090909091,44.9764404043,30.7732507003,37.8748455523,1.46140366402,,0.258009262709,0.010706373562,8.8352162429,0.252426825442,8.943376502,0.0418833248171
K0707,4,0.171875690735,0.264314659066,0.828969156197,0.0608870146903,0.0109894500913,0.381676056327,-0.00874210054745,0.0391960118848,-0.00623402412079,110371.934331,788007.77449,0.784444704386,0.840549102429,45.1377630721,33.2071906147,39.1724768434,0.738618548125,,0.186840022293,0.0781751339495,8.8352162429,0.252426825442,9.12936916261,0.100892542988
K0711,1,0.397563773254,0.655697109286,1.24991773387,0.970190783422,1.54446250469,4.69539268143,2.52097716898,1.59388887581,-0.56945399732,21145.5776006,131002.466852,0.918950682354,0.505307855626,45.8832882838,15.7977487916,30.8405185377,1.37867806861,,0.372958466757,0.582882864161,9.00992961227,0.274180643606,8.63814266954,0.161698651857
K0711,2,0.547779422032,0.631353312441,0.833196016297,0.401736700022,0.0974852623604,0.131771544877,-0.000317758113884,0.0076049386824,0.0017020574506,36943.2432644,131002.466852,0.729760234641,0.974468085106,37.1349116143,13.6896621594,25.4122868868,1.38396813576,,0.348952652207,0.572666940842,9.00992961227,0.274180643606,8.94243194869,0.0576399981014
K0711,3,0.455680423708,0.649247686091,0.898542326845,0.492344172498,0.969177774215,3.08916053372,0.248481532499,0.496777290973,0.238225696987,40608.4561509,131002.466852,0.745360339194,1.0,38.784041224,13.6035922021,26.1938167131,0.950788177376,,0.387444293884,-0.753091700569,9.00992961227,0.274180643606,9.12922831025,0.0636316473677
K0711,4,0.347032727232,0.445980594084,0.721800682848,0.14651083246,0.207993343638,1.09523111594,0.0450073583506,0.113971117148,0.0469284414556,32305.1898362,131002.466852,0.702620635822,0.660980810235,32.1882711619,17.8329268666,25.0105990143,1.19779739582,,0.268114698229,0.613693644588,9.00992961227,0.274180643606,9.33139051603,0.0814941781126
K0713,1,0.17049346999,0.860344536955,3.09306105629,8.84894267013,4.77842459792,17.2385907236,4.9663039757,12.0497019359,-0.944273119715,3019.12516843,61813.4607418,1.5051880393,0.870813397129,50.3620028266,7.03332882462,28.6976658256,1.14815360115,,0.411209952269,0.713781376451,8.55027136822,0.766303103672,7.52238028215,0.366310673661
K0713,2,0.258518441883,0.791159584366,1.91568416474,3.08200891265,1.5976336146,6.05003174549,2.2061611765,2.7183119007,0.188980535428,12224.9192067,61813.4607418,1.17355353573,0.956937799043,39.1737438044,8.18106093803,23.6774023712,1.07605706568,,0.361685426299,0.745432474999,8.55027136822,0.766303103672,8.29527694013,0.135014699637
K0713,3,0.5614580691,0.654909469316,0.705477374034,0.308392409505,0.312475845317,1.62524905986,0.179561405917,0.269198238641,0.0215747067896,21995.5868973,61813.4607418,0.657102766924,0.3961352657,22.8467640121,7.88420191736,15.3654829648,1.34097136529,,0.344390026115,0.599987334523,8.55027136822,0.766303103672,8.92616315242,0.28688271538
K0713,4,0.377127998461,0.392918946493,0.340213572485,0.0246413832498,0.00128880931244,0.036358223402,1.30812313926e-05,0.00225136544351,-6.62783621304e-05,24339.4786617,61813.4607418,0.482598761394,0.836538461538,14.3816116758,8.73080396726,11.5562078215,0.792254889133,,0.183541819498,-0.526035136579,8.55027136822,0.766303103672,9.46154442106,0.130441092573
K0749,1,0.347952523726,0.45641188173,0.831386149395,0.204416284512,0.961090966439,1.4025166278,-0.0201766146741,-0.097643512005,-0.00937298114999,27267.8663748,195661.450064,0.762172640518,0.322678843227,41.0674151597,22.3237589288,31.6955870443,0.54838258157,,0.268494232384,-0.075657715616,8.44579265965,0.323177654381,7.99343820568,0.20705247224
K0749,2,0.333931273087,0.460671229335,0.825427604373,0.205605249188,0.243498916858,0.196936960299,-0.00126220052804,0.0192598243206,-0.00123826313849,42601.2623124,195661.450064,0.754758702136,0.727549467275,40.9930273037,22.1087190215,31.5508731626,0.591717016498,,0.280475241197,0.251416121439,8.44579265965,0.323177654381,8.38924070679,0.0741668623299
K0749,3,0.415785522851,0.459177693029,0.763484645417,0.17466815685,0.0645042408802,0.148525723491,-0.00491878995002,0.0410581762372,-0.0077953582991,54737.7362636,195661.450064,0.712338350691,0.525190839695,39.3402767287,21.2760992173,30.308187973,0.580680456442,,0.300750066039,0.219117150102,8.44579265965,0.323177654381,8.6063404664,0.046776225198
K0749,4,0.503560684149,0.555796182002,0.663051661957,0.197589795104,0.304759675209,0.248154213198,0.000226085671263,-0.0101136239707,-0.00188418412338,71047.4833813,195661.450064,0.651494316197,0.829268292683,38.1198356126,16.9329765205,27.5264060666,0.562732117214,,0.309195805662,-0.342718179505,8.44579265965,0.323177654381,8.79445976914,0.10930789347
K0758,1,0.496968587039,0.513834706567,0.678032375261,0.175385786503,0.257131673055,1.45201264056,0.134179063517,0.174637040837,-0.0330229847098,34681.9468748,121476.798339,0.649423198833,0.408239700375,34.2258267674,16.6394091134,25.4326179404,1.15466570105,,0.333859634217,-0.668721496107,9.012058983,0.301366111151,8.57483501464,0.169509294458
K0758,2,0.49053899843,0.763836276641,1.38036671606,1.5240532966,0.96453702074,3.92882212215,0.952718131047,1.13137293239,-0.175542240066,33686.2618752,121476.798339,0.958663725498,0.701688555347,52.79654477,12.4686285934,32.6325866817,0.810485540885,,0.405403595438,0.668564415232,9.012058983,0.301366111151,8.98512189315,0.0581148210839
K0758,3,0.393757283187,0.467385646874,0.799735294221,0.19915756865,0.0988700902294,0.142811138462,0.00294406949735,0.0150086164661,0.00210852345642,27630.8269791,121476.798339,0.741548852185,0.930581613508,36.44506039,19.4111622642,27.9281113271,0.806356171164,,0.278835171463,0.590579446822,9.012058983,0.301366111151,9.14302577384,0.0678995238389
K0758,4,0.221444526753,0.369966009605,0.619147520671,0.0714410753555,0.0366197378295,0.345657971385,0.00656205579331,0.0222559565409,-0.00301610939192,25477.7626099,121476.798339,0.671278905137,0.551594746717,30.739822323,19.3671329222,25.0534776226,0.894883793295,,0.187759726128,0.655846464328,9.012058983,0.301366111151,9.346073558,0.0749899322074
K0775,1,0.38889205063,0.79488505185,1.47149485331,1.82973219552,2.95680044705,11.4911342457,10.446963379,4.75282162978,-4.65131884595,41236.2917304,234771.252119,0.991549851837,0.305164319249,49.0529664232,10.0614966645,29.5572315439,1.34421353772,,0.416794326528,0.626368252789,9.16253050827,0.28854514002,8.76074843088,0.137515337021
K0775,2,0.445899039647,0.786337009418,1.41553153034,1.66908519794,1.55648543196,5.33813971534,1.36219638838,1.63281628824,0.728633865121,57657.3474201,234771.252119,0.975990882587,0.732394366197,48.0287196104,10.2619598658,29.1453397381,1.62127240475,,0.400394962738,0.528348881164,9.16253050827,0.28854514002,9.11236322783,0.0617334972431
K0775,3,0.258296120836,0.174974196454,0.453870372019,0.00743679923894,0.0243555453276,0.0416488337034,-0.00012350450847,0.000596259591204,1.82852601051e-05,57425.8340765,234771.252119,0.569515643098,0.891509433962,21.4011903539,17.6565342686,19.5288623113,1.19474315136,,0.17537589185,0.192624797491,9.16253050827,0.28854514002,9.27437587022,0.0417625025115
K0775,4,0.449893002241,0.533664700048,0.660794463668,0.180393455504,0.643282336076,1.62125755839,0.00501865158763,0.160073969102,0.122356761514,78407.0232574,234771.252119,0.654180756546,0.912941176471,30.3758732446,14.1653419608,22.2706076027,0.742283194945,,0.300623171306,-0.551784717357,9.16253050827,0.28854514002,9.50352006023,0.125062654406
K0799,1,0.110030510479,0.611029111447,1.61099946628,1.41034420306,0.500683758634,0.888916997874,0.194494169735,0.313328901851,-0.00924854884486,52716.7326239,520177.020681,1.10675403926,0.818481848185,58.2398254235,22.6535966441,40.4467110338,2.48328106288,,0.20338490272,0.105140777309,9.11654587724,0.346593897908,8.55078012121,0.225203589754
K0799,2,0.26469159503,0.553148973355,0.820965781026,0.299953642635,0.110012971121,0.0685334104678,-0.00112324440649,-0.00300242165908,0.000594878657125,126843.716937,520177.020681,0.77008490997,0.585123966942,40.6947377742,18.1844853534,29.4396115638,2.23401637489,,0.2263755253,0.0268355648552,9.11654587724,0.346593897908,9.29559474704,0.0284479972374
K0799,3,0.346943139497,0.437329194819,0.740438494638,0.147714540331,0.00431602493345,0.0206276243401,-8.55468872437e-06,0.0013287101975,3.29560544192e-05,144829.053511,520177.020681,0.723667378194,0.472727272727,36.8914317396,20.7577316012,28.8245816704,1.76907448981,,0.239592452342,0.0570199003782,9.11654587724,0.346593897908,9.30822318752,9.60026431677e-14
K0799,4,0.457923044891,0.19704759211,0.279972679462,0.00365722359224,0.000496888289339,0.0132030815812,9.63215380199e-06,0.000130139668963,-2.45586726708e-06,195787.517609,520177.020681,0.426154027561,0.826446280992,20.2963462676,16.2970001069,18.2966731872,0.957413270522,,0.19530377701,-0.684029123215,9.11654587724,0.346593897908,9.31252060322,0.0340864224967
K0805,1,0.647085559259,0.736329901376,1.29950506662,1.27817072381,0.751687712125,1.4445602026,0.968982028469,1.06574012006,-0.254924925421,14598.4191156,107477.005555,0.884373074146,0.643835616438,37.6717300012,9.93290876474,23.8023193829,2.39022547575,,0.490478718329,-0.315877784231,8.25268719601,0.624376594837,7.53447375364,0.100845092177
K0805,2,0.643129495985,0.754419585331,1.77120472884,2.46400437707,0.603276629784,1.47224129318,0.674575590659,1.36117935542,0.00189088488163,20759.8253052,107477.005555,1.03688576432,0.86301369863,44.1712233479,10.8475873462,27.5094053471,3.29567162516,,0.564570719991,-0.176840574175,8.25268719601,0.624376594837,7.92180240932,0.213896804673
K0805,3,0.478797752504,0.739208776141,1.0374078478,0.819534659633,0.0344774085284,0.0596604318958,0.000249171164253,0.00330628245559,0.000487429749138,27100.2029403,107477.005555,0.819738893617,0.689655172414,33.5672435966,8.75404253912,21.1606430678,3.79305966039,,0.372398924179,0.0387203977886,8.25268719601,0.624376594837,8.4153736738,0.207752968388
K0805,4,0.575646273249,0.758176613925,1.13677212126,1.0224525036,0.628719383239,0.0984406865847,0.0715910604653,0.155084853453,-0.0299207861292,45004.8945033,107477.005555,0.826892512856,0.625429553265,35.3567360595,8.55008563448,21.953410847,3.34511867033,,0.455849016479,-0.174421421655,8.25268719601,0.624376594837,9.14101061645,0.132526364505
K0817,1,0.304838476591,0.164892142572,0.556197840726,0.00983129405903,0.057574930003,0.0053961470794,-5.61647259345e-05,0.000714859501928,-0.000147504993634,58865.3530958,332239.286449,0.627546739184,0.685573366215,32.60335677,27.2273194171,29.9153380936,1.02326809095,,0.20766058121,0.720715803793,8.7606653464,0.282264481894,8.38224755455,0.226695279861
K0817,2,0.379149725894,0.411908405782,0.699176398503,0.115486572739,0.0624109037938,0.0890650243057,0.00396104883957,0.0183865863279,-0.00125158941713,74440.2473593,332239.286449,0.694833991899,0.683107274969,41.0520827071,24.1423847652,32.5972337362,1.24963871073,,0.257836689664,0.55142147229,8.7606653464,0.282264481894,8.71850316637,0.0575508402078
K0817,3,0.20976757637,0.285263828452,0.83128769208,0.072435139705,0.00633835143157,0.0122845318262,-4.1783622157e-05,-0.00174232096247,-6.07946868938e-05,56395.9213471,332239.286449,0.774276919007,0.889987639061,42.1958339062,30.1588887814,36.1773613438,1.12927327645,,0.227843277877,0.593917867023,8.7606653464,0.282264481894,8.87827050526,0.033462716672
K0817,4,0.608159555311,0.370233464616,0.693389727176,0.0897447811019,0.0451865758192,0.0219260749526,-0.000689666632921,-0.00447158232889,0.000200450840668,142350.633552,332239.286449,0.659068249831,0.950617283951,40.1073780966,25.2582845472,32.6828313219,1.31229272324,,0.331269787099,0.454836195629,8.7606653464,0.282264481894,9.06409169886,0.109139186311
K0827,1,0.368860772995,0.803935405623,1.67779360879,2.41359682865,5.07763754913,6.36651815106,31.3216760707,9.18310896617,-0.389394618586,21161.6595259,129309.364422,1.07439934153,0.276816608997,43.2172574772,8.47337405734,25.8453157673,5.07119945086,,0.408335493541,0.0210688150757,8.99758453528,0.211103403066,8.71867284482,0.179626531464
K0827,2,0.284858570797,0.321084784998,0.471185378086,0.03022903154,0.0553948857721,0.0982946855624,-0.00212660697051,-0.00310924808178,0.00019666155751,32023.8331874,129309.364422,0.574719674935,0.743055555556,19.2756065198,13.0865025447,16.1810545322,1.46507526625,,0.198478721043,-0.0793139366652,8.99758453528,0.211103403066,8.97063875464,0.0286465342244
K0827,3,0.237422253069,0.718441600247,1.36933352623,1.36462677297,1.56527599158,4.03993116756,6.36971772937,3.60148331653,0.048034108051,27971.5488144,129309.364422,0.985056996693,0.0694444444444,38.2309222707,10.7642372956,24.4975797831,3.53739267489,,0.322518866902,-0.0253894482588,8.99758453528,0.211103403066,9.10219809724,0.0149525723328
K0827,4,0.748933068388,0.629309945157,0.822928722994,0.389490812912,0.0813598363043,0.182030368375,0.00751770527696,0.0289844535886,0.00353370153292,48152.3228938,129309.364422,0.670375949286,0.993055555556,28.8701217717,10.7018670229,19.7859943973,2.6020387481,,0.443528923231,0.102109448447,8.99758453528,0.211103403066,9.19979688778,0.119918730001
K0828,1,0.294050552801,0.80829336137,1.75073626075,2.64587244972,4.90297810918,19.8122494385,31.4101618533,9.62525653441,6.26426166963,16650.6196459,138190.323234,1.10517904418,0.0921409214092,49.9247868677,9.57091307473,29.7478499712,1.39294703883,,0.395132127931,-0.609704592112,9.06569574754,0.387084815921,8.58019665857,0.121917948122
K0828,2,0.729442683021,0.776208912604,1.11653768904,1.02016823303,0.0935565864494,0.0676351625071,-0.00122802797075,0.0209541768996,0.000846760199448,44829.4442183,138190.323234,0.799956401124,0.95652173913,39.5620601063,8.85363645084,24.2078482786,0.996883287674,,0.486415197455,0.783672797024,9.06569574754,0.387084815921,8.90213540153,0.144158432525
K0828,3,0.564462299788,0.683335197323,1.15012110113,0.88450730854,2.06184530765,8.49807803634,4.32159774961,1.99432308452,-1.58021670168,48502.3032821,138190.323234,0.837221556143,0.592391304348,39.2260658356,12.4215143976,25.8237901166,1.05695000978,,0.449266826053,-0.751540100904,9.06569574754,0.387084815921,9.23050716193,0.0675500216672
K0828,4,0.32387983412,0.543573698386,0.887183955577,0.337873207229,0.49013134817,3.28490137638,0.670177677209,0.574313037947,-0.159123630374,28207.9560875,138190.323234,0.76368565507,0.228260869565,32.8752352807,15.0051220538,23.9401786672,1.23138324225,,0.336241051804,-0.62613380114,9.06569574754,0.387084815921,9.55126305914,0.182342842447
K0836,1,0.437434119863,0.27008812932,0.549560671371,0.0280630907189,0.027149905677,0.0581772344909,0.000597193001074,0.00557968532754,0.00144491059328,166860.457815,721526.915396,0.609460744809,0.697286012526,37.0665262574,27.0552975201,32.0609118888,1.36943206901,,0.245460580884,-0.0254558562283,8.99654692344,0.314825834433,8.57444067128,0.210044599013
K0836,2,0.390483894612,0.123852977359,0.589996992691,0.00601536156212,0.0640967201196,0.000868299609474,-0.000190675070689,0.000300203863316,-1.17332709304e-05,202026.735499,721526.915396,0.634085500877,0.872651356994,35.7636243406,31.3341929849,33.5489086628,1.10550076347,,0.24776833923,-0.353409520754,8.99654692344,0.314825834433,8.93254411139,0.0578410983026
K0836,3,0.307051279428,0.281340197485,0.611727735859,0.0380444243658,0.00310978110676,0.0149225353021,-5.12970784451e-06,0.00048051122048,-1.23687818789e-05,218634.198093,721526.915396,0.651909957497,0.897489539749,39.2754204052,28.2256658721,33.7505431386,0.769488730966,,0.233504673451,0.318833500092,8.99654692344,0.314825834433,9.11278903141,0.059909847445
K0836,4,0.171301782506,0.183285591811,0.873693152474,0.0304554452734,0.0708585186307,0.315026805542,-0.00548435442501,-0.00517315645821,-0.00481788853878,133922.226379,721526.915396,0.804282609545,0.62486938349,44.7914074879,36.5817878584,40.6865976732,0.972354234968,,0.196623652932,0.715006635165,8.99654692344,0.314825834433,9.36678298659,0.111505893049
K0841,1,0.308404380228,0.475120645519,0.579839665326,0.108476289726,0.217743351067,0.244012588703,-0.000668372142095,-0.00844468582915,0.00348630803018,48357.1418126,234722.077005,0.629458976916,0.699152542373,29.2964506269,15.3771020937,22.3367763603,0.535821740904,,0.243561968583,0.111797197725,8.90522467358,0.279894397013,8.54475869844,0.181126105394
K0841,2,0.538892587508,0.669119341949,1.21495708848,0.950969841324,0.0463239237452,0.49477609182,0.00127284303658,0.194981240932,-0.0205301632953,53293.1323512,234722.077005,0.871828938269,0.940677966102,45.4696207919,15.0450180489,30.2573194204,0.461180245829,,0.441104608535,0.314288497463,8.90522467358,0.279894397013,8.85837430914,0.0414564757322
K0841,3,0.402359478109,0.628324940978,1.14021729289,0.745509465721,0.297161740538,0.181363989857,-0.00012978031067,-0.00805142455725,0.000528357567125,55270.5721464,234722.077005,0.876770229102,0.68085106383,43.3984725713,16.1301298544,29.7643012128,0.507614167067,,0.351121781437,0.338502893185,8.90522467358,0.279894397013,8.9755980854,0.0463659645746
K0841,4,0.421977381969,0.534386088212,0.749784755748,0.232909329759,0.471862400249,0.979959603892,0.0383844937335,0.115723650443,-0.0390138317522,77689.9480258,234722.077005,0.710457911412,0.777070063694,34.072171221,15.8644769253,24.9683240732,0.624351267595,,0.288220784263,0.410082717561,8.90522467358,0.279894397013,9.24251267945,0.160820813914
K0852,1,0.312332126512,0.310595547264,0.499344413666,0.0315435148689,0.0475258238245,0.133439389178,-0.000704496545145,-0.00656008934447,0.00281296217314,22781.7368291,94866.5201955,0.584881346974,0.543859649123,27.7798895549,19.1515795557,23.4657345553,0.765660207976,,0.225115490142,0.373755889794,8.59414921356,0.327581280944,8.13281705296,0.166730773904
K0852,2,0.473543618664,0.332321086997,0.601839010875,0.0532215879983,0.0815190622428,0.134582303763,0.00208147931805,0.021476855876,0.00750477944406,25566.0951481,94866.5201955,0.624552957478,0.808435852373,30.7803048988,20.5513605167,25.6658327078,0.674632719456,,0.287266874476,-0.107793701704,8.59414921356,0.327581280944,8.58876798416,0.070423208723
K0852,3,0.1719948026,0.710926592303,1.2530385068,1.1231169194,0.97976015114,0.629054516101,-0.0105556499597,0.18029919508,0.0281612587576,20188.1146709,94866.5201955,0.965861251912,0.590509666081,51.3028116076,14.8302785758,33.0665450917,0.670085611262,,0.225469762223,-0.552243585119,8.59414921356,0.327581280944,8.69652988977,0.0188457579854
K0852,4,0.384197182436,0.33296201818,0.731982121603,0.0790645674198,0.442834986939,0.478158021134,0.00659534064104,-0.00182698836743,0.0100347828358,26330.5735474,94866.5201955,0.702027369611,0.823943661972,33.9257567017,22.629768282,28.2777624919,0.769607639458,,0.284422411545,-0.420614580646,8.59414921356,0.327581280944,8.95993556269,0.196989134308
K0862,1,0.288905635846,0.315247932166,0.823184113866,0.0885920243475,0.531848081605,0.0664762181518,-0.0191181341622,-0.0234700715939,0.0476099411211,94809.8185584,960071.315068,0.763863259729,0.90303030303,38.4641816958,26.3384279538,32.4013048248,1.17522796412,,0.251591479469,0.556088902513,9.13972846216,0.280029133752,8.78910277384,0.115987919179
K0862,2,0.29778276425,0.600701617695,1.12115013774,0.660647595545,0.374284377647,0.172125930079,-0.0229272521843,-0.033204793605,-0.00541295347812,116391.520281,960071.315068,0.898399314695,0.872727272727,50.5254117385,20.1747151725,35.3500634555,1.37084581648,,0.271588913535,0.568007428991,9.13972846216,0.280029133752,9.01520042218,0.0429759409647
K0862,3,0.537293719924,0.64315661939,0.666840661117,0.266458390292,0.0316246633926,0.0377934413434,-0.000856402424303,-0.0102432485398,-0.000745034183093,334162.924985,960071.315068,0.658061714526,0.896656534954,39.457272433,14.0800664846,26.7686694588,1.11948671425,,0.298948010619,0.712543716699,9.13972846216,0.280029133752,9.25755730605,0.095354442568
K0862,4,0.452578219281,0.279248707373,0.515249343167,0.0265498506638,0.0229300826095,0.198356799112,0.000681922192825,0.016350283902,0.00626889770187,414561.370881,960071.315068,0.579230775875,0.449165402124,29.8974112697,21.5485978188,25.7230045443,1.37827748393,,0.262221534668,-0.0973605401342,9.13972846216,0.280029133752,9.49753743534,0.0936650779215
K0866,1,0.41158318566,0.375643396448,0.810505785124,0.126621853873,0.0112614905277,0.904744739928,0.00944999718967,0.133039994533,0.026974916181,12481.9745949,147388.256737,0.740172398449,0.869090909091,35.8187098394,22.3636480189,29.0911789292,0.744299857886,,0.299522783782,-0.429137229956,8.93950635389,0.653301466354,8.07233123712,0.500221191849
K0866,2,0.429491035907,0.555128089875,0.94517271011,0.400514582264,0.0651177434612,1.46109998827,-0.0929877330636,0.23558915766,-0.113114135754,22125.3863766,147388.256737,0.7961099276,0.615664845173,41.6255011619,18.5180162118,30.0717586869,0.790055411182,,0.329191358213,-0.608974688445,8.93950635389,0.653301466354,8.76130976685,0.14005552008
K0866,3,0.490812906023,0.200072015534,0.715418993301,0.0246818219001,0.0475430483138,0.570804032156,0.00412316898408,0.0242649578877,-0.0170937295626,51158.8036403,147388.256737,0.683640574551,0.896174863388,30.9520724441,24.7594289252,27.8557506847,1.05549143924,,0.307264453545,0.661280022943,8.93950635389,0.653301466354,9.27439047801,0.137731873552
K0866,4,0.342795180827,0.606015542429,0.907513719431,0.440410400999,1.10275804318,2.42784188933,0.02088825139,0.525467198654,0.203234929516,61622.0921248,147388.256737,0.790445316506,0.963503649635,41.4967246978,16.349064571,28.9228946344,0.429529853356,,0.294031641733,-0.171881904473,8.93950635389,0.653301466354,9.6528728801,0.111866564101
K0878,1,0.580841908044,0.788761289569,1.93769477147,3.14053206729,2.64176180759,5.4282186683,4.31592356482,3.41626486616,0.585939150754,10853.7648341,44773.5992289,1.12552635541,0.690789473684,47.4930357214,10.0323676202,28.7627016708,1.60502829454,,0.508816682659,0.533985118102,8.91980700892,0.353197034765,8.43950352187,0.337077981837
K0878,2,0.526768370085,0.782429193446,1.89349628032,2.96643282998,4.09888655057,14.7987153934,11.1571989109,6.0834519337,-0.797283099754,9402.75583173,44773.5992289,1.10769715825,0.468646864686,46.8101791531,10.1845284333,28.4973537932,1.54699442635,,0.508950966803,0.551238244484,8.91980700892,0.353197034765,8.91773013367,0.0435260049237
K0878,3,0.526710128967,0.604004993455,0.653127689007,0.226631031456,0.31472453792,1.57902295848,0.148167309554,0.213263520115,0.00251514594512,8971.71767375,44773.5992289,0.609223094488,0.151815181518,26.1588686288,10.3587813539,18.2588249913,1.18514958568,,0.376293899486,0.668929862361,8.91980700892,0.353197034765,9.05159304807,0.0138544044014
K0878,4,0.250157970077,0.669138027064,0.78544587132,0.397465216759,0.00470599751612,0.0101690618282,7.34224378707e-06,0.00206832697294,1.32332218253e-05,15545.3608893,44773.5992289,0.752706082168,0.990099009901,29.2921822959,9.691669226,19.4919257609,1.89661717282,,0.222854582921,0.395001918021,8.91980700892,0.353197034765,9.27198649211,0.1023276214
K0891,1,0.122331355953,0.456195633312,0.925937255144,0.253294308811,0.170016484698,0.0587113178531,-3.90698059102e-05,0.000507576622775,3.94343252954e-05,53336.1948,405156.303756,0.84342898183,0.978388998035,53.9434288211,29.334672147,41.639050484,0.603834792529,,0.127353605069,-0.271045435095,8.96907023847,0.260527614151,8.68677808119,0.107383742277
K0891,2,0.209205026649,0.289978949547,0.755357545135,0.0620112258525,0.0533001523848,0.258335040984,-0.00274608809177,-0.0174763162086,-0.00299083562638,64592.5365194,405156.303756,0.749578832356,0.857423795477,45.1985067332,32.0918912296,38.6451989814,1.3505759752,,0.176402507634,-0.242025584134,8.96907023847,0.260527614151,8.84808799483,0.0386748781953
K0891,3,0.316041991277,0.406080637585,0.597967299275,0.0818621841805,0.0127388051393,0.0718665555314,5.26006698744e-05,-0.00139214316977,-0.000402643498207,79438.5125316,405156.303756,0.655491677475,0.709931170108,42.4054806173,25.1854360111,33.7954583142,1.66588414886,,0.199434450222,0.0930284243949,8.96907023847,0.260527614151,9.01226392332,0.0551234867227
K0891,4,0.500370000053,0.196461125917,0.285462133424,0.00377757669437,0.0138309322052,0.0619197575069,0.00021583320798,0.00115637851805,-0.000104266675093,207789.059905,405156.303756,0.424801288477,0.938976377953,26.5508912605,21.3346732693,23.9427822649,0.926524895153,,0.208456393129,0.604605259499,8.96907023847,0.260527614151,9.32978321129,0.170799589073
K0895,1,0.377494279726,0.629328729836,1.05492063492,0.640084055769,0.592167766023,1.62587476678,0.162602991536,0.250911307035,-0.00569412187478,16798.955412,86845.088221,0.842604811371,0.514285714286,39.4737566133,14.631787502,27.0527720576,0.727157097924,,0.345544703591,0.576115490356,8.60528021752,0.260476711525,8.2964540347,0.173011462666
K0895,2,0.382056964252,0.693395018356,1.33533446712,1.22289811579,1.24536080872,3.00738351384,1.74765537148,1.68161830066,0.267353081468,13512.7560366,86845.088221,0.96221782796,0.928571428571,45.2834697551,13.884137413,29.583803584,0.556622361984,,0.352021082222,0.440575052389,8.60528021752,0.260476711525,8.524785806,0.0307344879897
K0895,3,0.453621930076,0.681142309339,1.26014170921,1.05586193884,2.12021354983,7.31631170382,3.20158327978,2.15250972755,-0.679494976183,12527.6405079,86845.088221,0.918681391269,0.846889952153,43.7322702747,13.9443707072,28.8383204909,0.62108441015,,0.376879874511,0.498037378599,8.60528021752,0.260476711525,8.67557206023,0.0305897819589
K0895,4,0.56572995915,0.456324549566,0.427031060429,0.0539073662322,0.026346146212,0.114153660074,0.000112718975516,0.00622346893912,0.000836479927887,43899.7416424,86845.088221,0.50807897454,0.749403341289,23.5035855281,12.7783224488,18.1409539884,0.904643723417,,0.2772346049,0.693022582461,8.60528021752,0.260476711525,8.92500599681,0.174646992846
K0905,1,0.339602289408,0.380546752569,1.00724517906,0.201245124844,1.64953597638,0.782751566773,0.0696289969724,0.00608091880359,0.483082185733,16856.4154967,74466.8311746,0.781194533553,0.242424242424,30.9977442131,19.2016533159,25.0996987645,1.08261692484,,0.426818977205,0.695992292418,7.72577843816,0.516909355073,6.97228911432,0.484013141315
K0905,2,0.483511121445,0.690549110346,1.32766758494,1.20037102952,2.20115276436,10.5730573734,8.67858482553,3.60348393312,1.84079908767,7615.20417598,74466.8311746,0.934660786732,0.187878787879,39.9920760278,12.3755835059,26.1838297668,1.58321589336,,0.413191407105,0.511597061069,7.72577843816,0.516909355073,7.86648432189,0.0717230194439
K0905,3,0.331013013061,0.731123128359,1.1143757436,0.929511851192,0.00617992742547,0.0281139270387,8.75835150127e-06,0.00205218602928,0.000131893722026,8869.38396568,74466.8311746,0.878644744927,0.59756097561,36.9254373933,9.92839609026,23.4269167418,1.12206521894,,0.314782686676,0.71893477151,7.72577843816,0.516909355073,7.96573063519,0.0299995046061
K0905,4,0.78522857085,0.747738847738,1.41632098743,1.55463085918,4.02111497852,14.1243974352,19.6030516006,5.70736308449,-0.902762548876,41088.8762685,74466.8311746,0.898290175786,0.370820668693,41.8612641658,10.5599707336,26.2106174497,1.62274853051,,0.551474391469,0.517433810131,7.72577843816,0.516909355073,8.10037305761,0.205267502887
K0906,1,0.383647505409,0.432154732439,0.975811232537,0.249953487214,0.685042777699,0.909563951438,0.0105527690754,0.0273469458056,-0.0426981289952,47414.9804776,441153.169323,0.823977989022,0.95652173913,42.0120768617,23.8563590263,32.934217944,1.50432395616,,0.296953658671,0.357208221808,9.06792106592,0.270266277096,8.73889816915,0.120738611933
K0906,2,0.388455305444,0.126094170755,0.603747380117,0.00654245914443,0.000576062510528,0.120119098653,0.000169501599352,0.0034490031859,-0.000220488114207,97197.3624744,441153.169323,0.641958802593,0.646566164154,28.591110895,24.9859384757,26.7885246853,1.06306360949,,0.248466524774,0.548703199467,9.06792106592,0.270266277096,8.97268683184,0.0806343968267
K0906,3,0.425213880531,0.4708304321,0.670134592561,0.142079236449,0.316282669223,0.889721311891,0.0160230271095,0.0645965938458,0.0356000867626,156068.065127,441153.169323,0.664242330035,0.86432160804,35.3581658649,18.7104653525,27.0343156087,0.830494161221,,0.291134949566,-0.619118251173,9.06792106592,0.270266277096,9.14065199131,0.0490777413897
K0906,4,0.433304003404,0.566970114405,0.935147541168,0.409367141925,0.267942300993,0.25510677139,0.00218971092895,0.018570992941,0.00129450282592,140472.761244,441153.169323,0.787807694324,0.958123953099,43.3648350666,18.7782695677,31.0715523171,1.63171747648,,0.336648798571,0.422688261956,9.06792106592,0.270266277096,9.4199983985,0.148268854176
K0909,1,0.466137783031,0.658525694149,1.42272453824,1.26693083656,1.61377440487,5.05904885363,2.39337921937,1.65478917115,0.785967355822,31993.9589693,352627.174342,0.979847237982,0.729838709677,50.2784081126,17.1687845095,33.7235963111,1.86314125874,,0.399143574991,-0.398670711749,8.80245387025,0.368488705023,8.30050124649,0.198715676758
K0909,2,0.305847722546,0.438847918343,0.674865830017,0.123644114408,0.00409835348423,0.138235794367,0.000718344499213,0.0243882763216,0.000904622052038,48070.4341289,352627.174342,0.690578763761,0.60202020202,31.8783863419,17.8886228556,24.8835045988,1.44337459643,,0.230168792865,-0.415370660069,8.80245387025,0.368488705023,8.72688283953,0.0810445090964
K0909,3,0.418337809544,0.575972657656,0.653378226712,0.206325792255,0.00964083873152,0.0185036071913,5.76260293694e-05,0.00279005316491,1.58331157843e-05,89978.8942952,352627.174342,0.661051774444,0.913131313131,33.1139415431,14.0412166271,23.5775790851,2.12506890737,,0.275800885458,-0.205311580034,8.80245387025,0.368488705023,8.93096943123,0.0761714701992
K0909,4,0.667395980069,0.673671074346,0.8860905768,0.511987180289,0.473603806012,2.9825934209,0.657715255659,0.69856062257,-0.108213145268,182583.886948,352627.174342,0.737401781324,0.352226720648,39.7794405572,12.9811821001,26.3803113286,1.43376303997,,0.388226224962,-0.564352426964,8.80245387025,0.368488705023,9.25338698545,0.116017180179
K0926,1,0.247221238461,0.841740326282,2.30882352941,4.82239525885,4.17589215115,19.3354605879,89.3520267932,25.4414629711,13.5612058668,13409.6656875,73305.9203541,1.30711193527,0.955882352941,35.0044385112,5.53979101748,20.2721147643,0.362714094865,,0.333754157213,-0.315954840142,9.37576477686,0.153108834971,9.16954172663,0.00392613822108
K0926,2,0.464533634543,0.59251565295,0.699718858131,0.250440441719,1.51682723007,2.24988165142,0.0501739302021,0.4049078138,0.161121969057,22324.9343571,73305.9203541,0.615870134258,0.970588235294,18.067741332,7.36232177935,12.7150315557,0.438726955594,,0.416274298346,-0.163779241812,9.37576477686,0.153108834971,9.32882778389,0.0960874377679
K0926,3,0.248696168993,0.84011464988,2.29739362887,4.76489245933,31.1498355698,41.8311478336,29.1922507638,33.0055873764,95.9636543897,18162.2015899,73305.9203541,1.27808801018,0.910447761194,34.6512463511,5.54022665494,20.095736503,0.262168553757,,0.38872647864,-0.205032134734,9.37576477686,0.153108834971,9.44997030191,0.0220781445348
K0926,4,0.402359478109,0.445536849008,0.468257887517,0.0615264475266,0.107608987137,0.0599233228399,-3.18350471248e-05,0.000178391718226,3.74318020689e-05,19132.7733835,73305.9203541,0.559891530302,0.755555555556,13.9068992926,7.7108632023,10.8088812475,0.587724551295,,0.230523667888,-0.203317276018,9.37576477686,0.153108834971,9.556227584,0.0318384614759
K0930,1,0.270493242416,0.673247716397,0.959491026706,0.599651403651,0.20009388505,2.36544476382,0.239566243148,0.586861076644,0.212879316477,8505.94815766,92874.3487836,0.836955296655,0.919431279621,38.2541510508,12.4996312132,25.376891132,0.897449799581,,0.232756687247,0.718426612851,8.47872117561,0.158108738014,8.33853950642,0.0297060281002
K0930,2,0.225196636335,0.314001778434,0.708859688221,0.0651198931408,0.0807756204472,0.769395765966,-0.00787044473944,0.0775506426632,-0.0501136482294,11342.7493957,92874.3487836,0.719951638041,0.175771971496,28.4908137315,19.5446475507,24.0177306411,1.43468595843,,0.194638742763,-0.13963878235,8.47872117561,0.158108738014,8.40394173707,0.0204293667535
K0930,3,0.250362135054,0.177636720658,0.805942191705,0.0242241951562,0.527646265919,0.490733124891,-0.0604611952022,-0.0233574045093,0.0506798999154,14762.5691096,92874.3487836,0.764056638107,0.926365795724,28.4544064835,23.3998590275,25.9271327555,1.07370920592,,0.220504189424,-0.597157700079,8.47872117561,0.158108738014,8.50773633618,0.0135765427405
K0930,4,0.51986038542,0.30362543009,0.346093736776,0.014410893168,0.0534066898974,0.163032353902,0.0021881434345,0.00675267653141,0.0012035128709,58263.0821206,92874.3487836,0.45067752512,0.883610451306,19.8113385718,13.7961123773,16.8037254745,0.707954206246,,0.261868289722,0.145534823884,8.47872117561,0.158108738014,8.66500009587,0.194343118339
K0935,1,0.287514100311,0.269922718405,0.756797629635,0.0531468865568,0.0498255755361,0.358974231023,0.0125630435034,0.0477235314891,-0.0196074884039,21843.6904117,179119.15853,0.728834790838,0.646884272997,36.4818564156,26.6345745595,31.5582154876,0.734257989327,,0.252274103126,0.0924214574692,8.92526195467,0.265986194035,8.62892417882,0.108732961645
K0935,2,0.309468589,0.430705276969,0.86493247286,0.194937124726,0.0453297010838,0.122423168968,-4.73031581801e-05,0.0289227669653,-0.00594904594301,28874.8266168,179119.15853,0.781292020713,0.344725111441,41.9342435523,23.8729435686,32.9035935605,0.570326063045,,0.261542129762,0.0362310816511,8.92526195467,0.265986194035,8.80846661175,0.0425073185754
K0935,3,0.386372296958,0.232669291586,0.484919269908,0.0157512913477,0.0287005813097,0.229871303261,0.000835086677461,0.00629971972829,-0.0030772864181,57463.7900229,179119.15853,0.57263085539,0.624071322437,28.6640876618,21.9948346916,25.3294611767,1.0105181739,,0.229548410981,-0.765179605256,8.92526195467,0.265986194035,8.96542364537,0.0593736109654
K0935,4,0.576754922515,0.665503526095,0.790322545035,0.398494492678,0.815917220518,1.1241411734,0.0120130430943,0.0817249416641,-0.0922439618492,70936.8514789,179119.15853,0.717101652861,0.662704309064,43.7430652956,14.6319010992,29.1874831974,0.34829460768,,0.325723328879,0.0974192278628,8.92526195467,0.265986194035,9.29867370634,0.152463496002
K0937,1,0.475502492545,0.57435800162,0.668008266519,0.214449162363,0.13157972818,0.138486585009,0.0108277030857,0.0471284058636,-0.00389528748459,66826.1459085,220172.962684,0.661284207543,0.603691639522,45.6451166179,19.4284786535,32.5367976357,1.63971772247,,0.295752423886,0.424734484555,8.63398841148,0.326733504894,8.16971506854,0.199007468448
K0937,2,0.445229145826,0.504318577811,0.637146754283,0.148847005875,0.0460510002627,0.0761534323226,-0.000113822133821,-0.0103440718257,-0.00102641877279,63827.8136754,220172.962684,0.653323315934,0.86210640608,43.4083025578,21.5166891467,32.4624958522,0.859948458009,,0.271441570298,-0.660449798818,8.63398841148,0.326733504894,8.59426482698,0.0953564271177
K0937,3,0.276263754223,0.218526830381,0.800098512718,0.037396033837,0.0187298320328,0.0628709251124,-0.00037170421552,-0.00672069048528,-0.0012318906272,37977.9837192,220172.962684,0.757856999029,0.803046789989,42.731890921,33.3938262418,38.0628585814,0.782576112521,,0.229704229904,0.0524468020147,8.63398841148,0.326733504894,8.80471603491,0.0275067387575
K0937,4,0.229408028425,0.320545279786,0.5773286862,0.0452136619894,0.0743499424466,0.147283431262,0.000456768222282,-0.000572234021715,0.00226914962163,51518.3527614,220172.962684,0.647488612695,0.75,38.1252313278,25.9043683849,32.0147998563,0.720641246864,,0.183717255279,0.268746560939,8.63398841148,0.326733504894,8.96775993649,0.140614084907
K1000,1,0.607369211212,0.612434580281,0.510513671428,0.142262068987,0.0719003135744,0.00893729152962,-0.000272141126151,-0.00222045527541,0.000108342252159,91710.6489538,282325.266036,0.551526069395,0.865342163355,40.1060405293,15.543714431,27.8248774802,1.68542921184,,0.311288402251,0.432472375053,8.79759390436,0.331274233571,8.40363713321,0.226590228563
K1000,2,0.339997468308,0.509558586262,0.719403145086,0.193975214945,0.0493241882626,0.071254748812,0.00213959191573,0.00873310151708,0.000897509565662,65774.4824836,282325.266036,0.708982591887,0.664459161148,45.8433280489,22.4834666187,34.1633973338,1.86862166196,,0.249911830942,0.218382929401,8.79759390436,0.331274233571,8.66791855207,0.0498065326537
K1000,3,0.274075704705,0.32162147313,0.630357212781,0.054302546841,0.00309795594681,0.0102597022078,-6.46424946563e-06,8.43355411686e-05,-2.09851744923e-06,69915.176084,282325.266036,0.67507250779,0.944690265487,39.5095228628,26.802411917,33.1559673899,0.937990175709,,0.195781035629,-0.698496143053,8.79759390436,0.331274233571,8.89358412411,0.0877748480612
K1000,4,0.171368977516,0.484063685689,0.761247825158,0.194635071319,0.038948951935,0.173227210851,0.000505452033993,-0.00715549363682,-0.00202711165597,54861.697863,282325.266036,0.759348555799,0.802209944751,46.651738221,24.069325874,35.3605320475,0.596697510283,,0.143743426098,0.305219578714,8.79759390436,0.331274233571,9.22563643539,0.113532747455
K1007,1,0.263130295367,0.251258428418,0.793121065868,0.0498632466825,0.10736933086,0.583456952297,-0.013560998673,0.0612625418781,0.0577374965344,19488.0333412,163140.338214,0.758018517383,0.169265033408,30.2117002889,22.6207559545,26.4162281217,1.33072851765,,0.222503840304,0.0772096279932,7.98184491077,0.569259663116,7.35541572298,0.0972546309922
K1007,2,0.535016540874,0.400597160091,0.338887117347,0.0255165125916,0.00785209825572,0.0482721949538,9.3146056746e-05,0.00363337726718,0.000217069045247,73792.186549,163140.338214,0.456798938351,0.821428571429,21.1369085133,12.6695229898,16.9032157515,0.678263065234,,0.239769559547,-0.33438437047,7.98184491077,0.569259663116,7.68993877692,0.165548386887
K1007,3,0.279117476517,0.30378435414,0.692128706952,0.0577005231097,0.150840682712,0.349379285054,-0.00158203860998,0.0118986985741,0.00910033744888,33427.6545907,163140.338214,0.707710791358,0.78125,28.9028525023,20.1226181221,24.5127353122,1.16957363908,,0.206304323857,-0.553314625889,7.98184491077,0.569259663116,8.07544870278,0.156824388622
K1007,4,0.218678576257,0.405510514949,0.831684258467,0.157870428537,0.00923664393555,1.04401448572,0.0264027302423,0.201699456487,0.00869710503766,36432.4637335,163140.338214,0.786579728214,0.0402684563758,33.1472164616,19.7056716451,26.4264440534,1.67514088196,,0.181053872178,-0.0580216027299,7.98184491077,0.569259663116,8.80982288498,0.251325994376
K1009,1,0.233729887927,0.213904961533,0.596680215657,0.0198520971663,0.0113368577608,0.0448988898048,0.000392893065652,0.00309107179192,0.000394555193181,29425.0187525,169995.321084,0.661006287266,0.80523255814,31.8576034256,25.0431039903,28.4503537079,0.941593187929,,0.178470175606,-0.656704633993,8.87209367969,0.25016942346,8.54933081972,0.183118237085
K1009,2,0.206180884587,0.147596423373,0.741522022039,0.0137876934464,0.0741235825709,0.672985352442,-0.012007587705,-0.00605742700066,-0.0185427612091,29924.1325374,169995.321084,0.736187821637,0.610465116279,34.3788541294,29.3046582202,31.8417561748,0.926793310766,,0.201505926977,0.535538852093,8.87209367969,0.25016942346,8.7988987738,0.0493359235198
K1009,3,0.387393284249,0.439511401292,0.605457759947,0.0998483711219,0.0132712854773,0.00766125091069,8.07884712139e-07,3.25549284826e-05,-1.12557312689e-06,49092.4485736,169995.321084,0.641104325315,0.892128279883,35.5559205324,19.928688075,27.7423043037,0.740035763681,,0.251644415733,0.488186947204,8.87209367969,0.25016942346,8.98637656123,0.0518380393199
K1009,4,0.570595596419,0.559846501844,0.668346861764,0.20377148121,0.137093694468,0.377557427963,0.0453647229568,0.105470472977,-0.00194800711195,61509.346395,169995.321084,0.652591327933,0.465793304221,39.2243123397,17.2647182891,28.2445153144,1.888986334,,0.313908765799,-0.293708397511,8.87209367969,0.25016942346,9.15423729765,0.096990318331
K1010,1,0.165373549731,0.166044378704,0.835592991307,0.0225231547562,0.0546798294561,0.373969293614,-0.022047738418,0.0319392844598,0.0146749624208,8312.46676015,97096.0289858,0.795217520111,0.187919463087,34.2770889013,28.5855709709,31.4313299361,1.13386237294,,0.15454749287,-0.400618082011,8.39057350012,0.397636560327,7.90404371472,0.131423744335
K1010,2,0.21926750468,0.125530103013,0.74630928787,0.00990261315002,0.01871569274,0.528857574249,0.00318368759644,0.00941172866631,-0.0113288744232,16575.5314843,97096.0289858,0.744996381752,0.607382550336,31.7524617226,27.7665719317,29.7595168271,1.091316488,,0.176440535478,0.429168757703,8.39057350012,0.397636560327,8.23001689868,0.0764466323107
K1010,3,0.305510957364,0.428890195039,0.62175911755,0.0998052971227,0.142008130289,0.693897569918,0.022498513826,0.0655429088621,-0.0224239043204,25061.7039565,97096.0289858,0.667976159749,0.89898989899,33.3760769261,19.0614047836,26.2187408548,0.786217248752,,0.201303883186,0.5438927001,8.39057350012,0.397636560327,8.52122567994,0.0962203957246
K1010,4,0.604535858407,0.344788788789,0.376651366429,0.0226174878254,0.00463387259755,0.0559848989955,-0.000259709376398,0.00307105357799,-0.000292209356968,47109.9915518,97096.0289858,0.469818841955,0.759663865546,25.0435731137,16.4088298729,20.7262014933,0.702851479101,,0.27330365945,-0.279074686256,8.39057350012,0.397636560327,8.90736685298,0.231132494556
K1011,1,0.246810616962,0.420158110193,0.80557221286,0.160143003783,0.121527852118,0.451810498691,-0.00120183790492,0.000867900520008,0.0168029161049,15067.9451799,83994.754621,0.765504902241,0.620578778135,38.7292415884,22.4568366334,30.5930391109,0.591002481455,,0.216115231598,-0.121084928883,8.8360733377,0.276733197322,8.46971270255,0.142297761472
K1011,2,0.303495429801,0.538708898517,0.588744946806,0.146037813098,0.023538350431,0.0209321291119,-4.82482230773e-05,-0.00090584166189,-5.26323056289e-06,17522.989794,83994.754621,0.645653682396,0.848874598071,34.7533019498,16.0313889366,25.3923454432,2.16695212876,,0.213436589478,0.0134276275081,8.8360733377,0.276733197322,8.7536741293,0.075464910618
K1011,3,0.475598627905,0.284030423227,0.646703954214,0.0434214767517,0.0849634745321,0.385030747419,-0.0157018451761,0.0422890649954,-0.0291456924349,28499.51012,83994.754621,0.64962356595,0.716129032258,32.5622769277,23.3135996307,27.9379382792,0.717582183947,,0.29044621539,-0.055984163944,8.8360733377,0.276733197322,8.94456698144,0.0743122082032
K1011,4,0.364246076391,0.284282501985,0.685432824829,0.0488735118943,0.263454752474,0.66268951849,-0.0103595606447,-0.00702976711124,-0.0313917049339,22875.6138906,83994.754621,0.686624621226,0.380032206119,33.5541489266,24.0152915178,28.7847202222,0.737232423671,,0.257038392267,0.205208185358,8.8360733377,0.276733197322,9.17642021563,0.0781125744171
K1013,1,0.605092032163,0.622998366224,0.461738489742,0.120282827381,0.0469200368196,0.313962936965,0.00393237230904,0.0328433001821,-0.00545630744815,241311.407533,401147.240867,0.529389125397,0.581542351454,35.7650192226,13.4834706789,24.6242449508,1.15846799232,,0.287507169772,0.687554899651,9.03345421727,0.342071730079,8.56446964596,0.184847340808
K1013,2,0.262812419122,0.442185189912,0.59025156225,0.0961622677704,0.0160650039577,0.0267980905045,4.71158533212e-06,0.00025323998723,4.58529741623e-05,63067.1840198,401147.240867,0.653076511087,0.918987341772,37.7167883712,21.0389831424,29.3778857568,1.59520132173,,0.191672817222,-0.296330072475,9.03345421727,0.342071730079,8.95455141027,0.0692358510002
K1013,3,0.259195032282,0.342959602971,0.801402018907,0.101192349246,0.142277199093,0.292499328879,-0.000912670616229,-0.0180159584923,0.00448034455177,47532.4568364,401147.240867,0.764652207755,0.698734177215,42.0574007712,27.6334113007,34.845406036,0.697121365719,,0.210391534219,-0.256316144586,9.03345421727,0.342071730079,9.17058077491,0.0751462181971
K1013,4,0.264359093621,0.454660044405,0.791778561128,0.183858722176,0.35514124471,0.764787361992,-0.00478313748934,0.000545578921092,0.0520088525333,49236.1924779,401147.240867,0.76027042471,0.777215189873,43.9146260408,23.9484002151,33.9315131279,0.546016515565,,0.208310706606,-0.0284563960982,9.03345421727,0.342071730079,9.44480868931,0.094873590539
K1015,1,0.266909090193,0.463306662568,0.744084304844,0.169159842343,0.00552145763128,0.819931974351,0.00674960713572,0.14055505649,0.0132490979978,4116.94939145,91177.317484,0.735430116824,0.800995024876,30.4782104264,16.3574524727,23.4178314495,0.944244727809,,0.211699860921,0.73346645301,8.36269622895,0.372550443641,7.86170238277,0.0926414709651
K1015,2,0.33016558654,0.514171848337,0.718956971661,0.197470505305,0.040783588146,0.915520374028,0.0351292010933,0.153246318049,-0.0189268213821,7086.38584426,91177.317484,0.711267869307,0.199501246883,30.544941852,14.8395926426,22.6922672473,1.1245348188,,0.242126906697,0.690313634255,8.36269622895,0.372550443641,8.24615277165,0.0958516361526
K1015,3,0.283128460086,0.497620550837,0.735542689411,0.192795041,0.194072309208,0.779601277653,0.0529608307158,0.105915056104,0.0449235728156,24764.982168,91177.317484,0.725750201417,0.438902743142,30.6928470885,15.4194556136,23.056151351,1.27971689907,,0.225420441556,0.576917307772,8.36269622895,0.372550443641,8.52873904387,0.0431172640499
K1015,4,0.517563278906,0.498202242965,0.462375,0.07637520125,0.0247943932539,0.312304576645,0.0075084570807,0.0369007422579,0.00170769371865,55209.0000803,91177.317484,0.539696259867,0.135,24.3102552223,12.1988315435,18.2545433829,1.46053162727,,0.266391789441,-0.460454296048,8.36269622895,0.372550443641,8.81657193834,0.192743834184
K1016,1,0.231654461508,0.317841074861,0.835918314256,0.0930260299509,0.0136208050152,1.11526589406,-0.0236807839783,0.137940988729,-0.0226871883359,7012.63274538,123788.511346,0.785554137637,0.00967741935484,37.6130403363,25.658071167,31.6355557517,1.36051246621,,0.199899403448,-0.306372325913,8.58726878555,0.32880484775,8.16458400236,0.161277448687
K1016,2,0.250362135054,0.253626329858,0.706389742171,0.0403769470854,0.0332465639092,0.598156940379,-0.00534675859041,0.0503753858588,0.0109797398504,18324.7249832,123788.511346,0.718353569972,0.978998384491,33.515286309,25.0149272483,29.2651067787,0.782235848075,,0.1957604146,-0.280772100279,8.58726878555,0.32880484775,8.50922586858,0.0717300309896
K1016,3,0.376789765828,0.533177970126,0.647667690605,0.17296736914,0.0999114734665,0.55281131235,0.0415566691275,0.1079897941,0.0105993860141,35373.7057218,123788.511346,0.665784625133,0.436187399031,36.2862054101,16.939200066,26.612702738,1.71096638008,,0.255048627885,-0.350456505615,8.58726878555,0.32880484775,8.69166639318,0.0368386147057
K1016,4,0.528421141276,0.559200358759,0.445280182482,0.0902357829342,0.0566097068968,0.242970861446,0.00103199208164,0.0339260348815,-0.00134599265452,63077.4478961,123788.511346,0.531487284572,0.765751211632,30.3832691869,13.3929341573,21.8881016721,0.527073512301,,0.258908065482,-0.28879150025,8.58726878555,0.32880484775,8.98428172909,0.215553915699
K1024,1,0.385824527482,0.1447570669,0.518915425294,0.00647827160309,0.00810885838052,0.25672195153,-0.00361695317234,0.00780328706388,-0.00184461671037,56714.4473101,221586.413718,0.594659674604,0.873323397914,28.3619288616,24.2563392279,26.3091340448,0.855640084402,,0.232621775005,-0.0382282726813,8.19264237808,0.364355858436,7.70189559033,0.156369033655
K1024,2,0.41105600713,0.420354578279,0.532965678381,0.0701687323234,0.00204075548655,0.0175934156004,1.91136772309e-05,-0.000594908266153,7.77094638588e-06,65001.4854211,221586.413718,0.601310707227,0.918032786885,32.7219717901,18.9671411378,25.844556464,0.585430000099,,0.239166735755,-0.0870522033226,8.19264237808,0.364355858436,8.1141955909,0.0772762225002
K1024,3,0.32799257239,0.31674484597,0.618610647487,0.0505579819,0.0845058205098,0.159526752866,0.0087430426978,0.0167664442588,0.00621945328307,53690.8162229,221586.413718,0.65806519892,0.804185351271,33.5939237541,22.9532215491,28.2735726516,1.461364537,,0.227046765006,0.0425716065214,8.19264237808,0.364355858436,8.30761045794,0.111783252476
K1024,4,0.171811864608,0.415527773886,0.960706170639,0.222279493637,0.547700492019,0.428140285405,-0.0642737124013,-0.0817520564029,0.0208727413044,46129.1183557,221586.413718,0.842972474137,0.841791044776,43.8076445413,25.6043515258,34.7059980336,1.24953710256,,0.207493683967,-0.553927243086,8.19264237808,0.364355858436,8.64747297419,0.14432323925
K1075,1,0.402359478109,0.548776737565,0.656697222222,0.18880960973,0.100721304269,0.0260589659697,0.00142021640325,0.0131323329927,9.90651417692e-05,13801.7509656,74153.1102415,0.670615490169,0.9,36.1865085327,16.3281944362,26.2573514845,0.484254947049,,0.257950133837,-0.178226729543,8.44728336531,0.457844104608,7.87603333333,0.238124388078
K1075,2,0.472212648351,0.452331734802,0.560580934836,0.091138011788,0.0265818286275,0.35560732328,0.00958023662701,0.0531439111835,0.00354781537075,17191.6986784,74153.1102415,0.611441105953,0.397328881469,32.1440671407,17.6042854874,24.874176314,1.67960240234,,0.257143170168,0.242181347482,8.44728336531,0.457844104608,8.25542758547,0.103342207987
K1075,3,0.235392134765,0.33818267716,0.751558663437,0.0862732120994,0.105256544081,0.385315002861,0.0233694780903,0.0558470157983,0.0161958866046,21887.1218586,74153.1102415,0.738850214425,0.717863105175,35.387108613,23.4198014853,29.4034550491,0.664999922088,,0.209525826741,-0.0722421299251,8.44728336531,0.457844104608,8.62304408113,0.0964202738109
K1075,4,0.47378931893,0.475016276155,0.951042499882,0.291684157089,0.277305199229,2.501005841,0.349556743954,0.416245739101,-0.098656544288,21272.538739,74153.1102415,0.795301113715,0.163606010017,42.265378978,22.1886360456,32.2270075118,1.06084219737,,0.337554831003,-0.733361485328,8.44728336531,0.457844104608,9.03558213416,0.145625027701
K1076,1,0.240600520958,0.441674107314,0.818328520469,0.184369204281,0.243715693706,1.21451826383,0.067851295638,0.192645547426,-0.125665223699,9961.05548086,128017.333075,0.775737040649,0.886699507389,31.8298794926,17.7714458818,24.8006626872,0.699884808598,,0.203750528401,0.429888160788,9.14292904958,0.189437542414,8.90107479428,0.0312895600275
K1076,2,0.445362524892,0.363694800518,0.545894100803,0.053473484509,0.000371325192335,0.37381056426,0.00127638926534,0.0378225675448,-9.49345646118e-06,24422.0722523,128017.333075,0.606018641182,0.20197044335,25.1204220868,15.984255187,20.5523386369,1.30548981632,,0.248896069108,0.454323200597,9.14292904958,0.189437542414,9.05105936566,0.109506649948
K1076,3,0.218060174184,0.467856727834,0.772510048035,0.186234449698,0.154367816203,0.016299929375,-0.00223704937033,-0.0172888427946,0.00264842777883,36192.2190423,128017.333075,0.757211262453,0.485148514851,31.191018368,16.5980905766,23.8945544723,0.891970220663,,0.175740453515,-0.682799498656,9.14292904958,0.189437542414,9.25960915962,0.0328795098372
K1076,4,0.527368457195,0.372454188027,0.47545800945,0.0427589485016,0.000566666629733,0.225473668744,0.00069941137705,0.0202046523568,0.000242685268628,57394.2374374,128017.333075,0.551730334956,0.246913580247,23.5077584485,14.7521953632,19.1299769059,1.15415657085,,0.261796079646,-0.618616345983,9.14292904958,0.189437542414,9.36067577798,0.0378302744374
K1080,1,0.320890060561,0.56664111357,0.646780555556,0.195593030008,0.334104763315,0.924525453831,0.00881556499901,0.0416994073209,-0.0520059485219,14298.7101752,62490.7217281,0.671924901421,0.603333333333,36.1503454487,15.6660734477,25.9082094482,0.807580684531,,0.238238775836,0.628921360896,8.70997505087,0.228377043954,8.45615606775,0.136260168319
K1080,2,0.237422253069,0.154400492095,0.800663888889,0.0176980335262,0.582089445466,1.22411449751,-0.193630953306,0.0341084285093,-0.118977522406,10041.0634474,62490.7217281,0.762291304503,0.69,33.4729355482,28.3046978277,30.888816688,0.93300134266,,0.219174329318,-0.570488551644,8.70997505087,0.228377043954,8.61486375757,0.0588532606694
K1080,3,0.290787702451,0.166491221867,0.653773447724,0.0138675155679,0.133439279341,0.0263890728633,-0.000104774633032,0.000262459263503,-7.54366410126e-05,14795.7179004,62490.7217281,0.683164034008,0.872909698997,30.3768744437,25.3193915011,27.8481329724,1.18486592243,,0.212816107415,-0.184335365747,8.70997505087,0.228377043954,8.74495069761,0.0456460980846
K1080,4,0.518477893418,0.602635929213,0.497888801871,0.131115230383,0.101836724127,0.228720338917,0.00945263116105,0.0398094921614,-0.00682003106816,23318.0789471,62490.7217281,0.568434193003,0.393989983306,32.0977356408,12.7544868973,22.4261112691,1.89722410914,,0.259830736551,0.340368438519,8.70997505087,0.228377043954,9.0242604079,0.104763933916
K2014,1,0.605092032163,0.444214939742,0.356070394297,0.0353464888033,0.000817545631495,0.100721532847,0.000144319245754,0.0083546587957,-0.000262931825607,127856.584199,207484.381496,0.464663749174,0.94328358209,19.0927106231,10.6114433241,14.8520769736,0.748509901566,,0.252987473422,0.503872904235,9.17654387553,0.292500416774,8.81368494794,0.210505359439
K2014,2,0.264447573537,0.154722118494,0.732412564045,0.0148753652365,0.205200780825,0.549741024337,-0.0672573249455,0.0135872852192,0.0181538354464,27437.8020775,207484.381496,0.726896602644,0.459701492537,23.925565913,20.2237516688,22.0746587909,1.05500536721,,0.21710660326,-0.621877530479,9.17654387553,0.292500416774,9.09479635115,0.0580526175166
K2014,3,0.270053730882,0.421438996313,0.774468161856,0.149008357114,0.215916169501,0.412950301843,0.0387851419083,0.107591359139,-0.060619489744,29429.2613506,207484.381496,0.747683471833,0.486486486486,27.8007635864,16.0844376838,21.9426006351,1.62439979333,,0.214211253011,0.221417131407,9.17654387553,0.292500416774,9.24953247261,0.0902364552631
K2014,4,0.214314300072,0.394010490361,0.794255799778,0.135127230179,0.00151839665533,1.06215870333,0.0116617604439,0.175873771926,-0.00272293715167,22720.8834919,207484.381496,0.767380449137,0.0059880239521,27.8588832449,16.8821909967,22.3705371208,1.5576145056,,0.18254011849,-0.226207288645,9.17654387553,0.292500416774,9.54801839849,0.0665448487942
K2052,1,0.188442950594,0.315813471284,0.897170561326,0.105651046493,0.216835077054,0.680446308628,-0.0950083800604,-0.0216988181596,-0.045185203301,4217.9076468,71321.273748,0.822092196089,0.584837545126,26.0212353518,17.8033786882,21.91230702,1.12106842506,,0.170835819716,0.625657706166,8.54803985931,0.286883436476,8.20079583568,0.0862216578338
K2052,2,0.302278550957,0.356069288745,0.774635405127,0.102738854293,0.12408358183,0.0612920881308,-8.32025202927e-05,-0.00125965445111,7.1613721724e-05,8551.29084271,71321.273748,0.746559546283,0.765342960289,24.6317090948,15.8611139568,20.2464115258,1.42478998767,,0.226876114934,0.303339369308,8.54803985931,0.286883436476,8.42336648689,0.0593532332727
K2052,3,0.415785522851,0.512422824705,0.644932231405,0.157757937452,0.244370291645,0.430630849654,0.029342612649,0.0570296890314,-0.0196538475452,16326.8555627,71321.273748,0.652919722091,0.829090909091,23.9408828403,11.6730280293,17.8069554348,1.85329851961,,0.277572422427,0.23512165436,8.54803985931,0.286883436476,8.6324856861,0.0740082433517
K2052,4,0.526033538568,0.0477750938273,0.421471329553,0.000425029853813,0.0274939716583,0.090090911561,-0.00289218109443,0.000690819228746,8.39624306473e-05,42194.3398982,71321.273748,0.516578038899,0.855072463768,15.6215346594,14.8752143753,15.2483745174,0.953845349398,,0.251664403448,0.132064929329,8.54803985931,0.286883436476,8.93566613991,0.1379376838
K2752,1,0.372398482739,0.651901584953,0.767066588669,0.3615168333,0.317352218989,0.721682837669,0.127906477493,0.286443211147,-0.0340519307516,8961.37663788,83210.8343045,0.732518669831,0.837209302326,28.7007705684,9.9906927455,19.345731657,0.348098438416,,0.259405752613,-0.000128499308782,8.60363184492,0.984188643796,7.12756466421,0.952901318844
K2752,2,0.209007533885,0.463413106722,0.853322222222,0.222584801111,0.11697936364,1.10728339297,0.0401357607283,0.144954383958,-0.0615075728268,13076.0094787,83210.8343045,0.794254798086,0.433333333333,28.1969270587,15.1301014904,21.6635142746,1.25357588034,,0.196438634497,0.578578013889,8.60363184492,0.984188643796,8.97185683945,0.0251154317479
K2752,3,0.336768411992,0.440606959495,0.522833333333,0.0748623606173,0.0213067376008,0.0585901454132,-2.50995066521e-05,-0.00285815164273,-0.000191831909269,23977.6547325,83210.8343045,0.604858935655,0.966666666667,21.8601445929,12.2284127497,17.0442786713,1.6584025073,,0.210656163759,-0.234720506682,8.60363184492,0.984188643796,9.08112623316,0.0574644152162
K2752,4,0.509539970677,0.339099005271,0.509833333333,0.0399402065432,0.212404508348,0.319527663163,-0.00562549856643,-0.00715648426923,-0.0107387776827,37195.7934555,83210.8343045,0.575326412143,0.513333333333,20.6351708564,13.6378049454,17.1364879009,0.661574002226,,0.262898904519,-0.0331601899834,8.60363184492,0.984188643796,9.23889986679,0.0969888902668
K2999,1,0.276359563435,0.449526728363,0.731027432882,0.152898858992,0.135536174751,0.268894134328,-0.00194888466034,-0.0235738856503,0.00230778108895,40218.4075373,545911.95998,0.728725913697,0.826405867971,30.2958267868,16.6770428883,23.4864348376,1.80834058658,,0.208018891633,0.0553024422554,9.43094314617,0.264577151096,9.10795741102,0.138705015201
K2999,2,0.229072682969,0.326479137648,0.71643521978,0.0725135255417,0.24100158161,0.438507193944,0.00544947647156,0.0548465997711,0.0420064235912,60371.9521992,545911.95998,0.728630720013,0.709046454768,28.3957354997,19.1251202609,23.7604278803,0.674083671753,,0.178664333993,-0.0308992167369,9.43094314617,0.264577151096,9.28648779448,0.0793931890268
K2999,3,0.366980463795,0.471815714739,0.62712120206,0.124989245899,0.196520102907,0.767088886356,0.00858722430364,0.0694773064167,0.0293119464171,116104.803494,545911.95998,0.657886585618,0.840294840295,28.2534376379,14.9230217649,21.5882297014,0.876403945188,,0.239810382719,-0.667986313121,9.43094314617,0.264577151096,9.60853147583,0.0585911499919
K2999,4,0.654456277377,0.487381828704,0.6219242599,0.131831348587,0.0382880504282,0.547324084411,0.0148598640334,0.0882858051136,-0.0142681488342,329084.407333,545911.95998,0.60764012411,0.857843137255,28.3508071409,14.5331389113,21.4419730261,0.56893263671,,0.344061575139,0.252503090779,9.43094314617,0.264577151096,9.72131699147,0.0995633033206
K3022,1,0.144437234867,0.750608698112,1.41265727757,1.55556593211,0.312279687435,0.435770493542,0.102313667087,0.422380132498,-0.00266407547374,13566.3545924,163923.978677,1.03923158837,0.807256235828,48.4356754834,12.0794361667,30.257555825,0.361304412704,,0.172133266995,0.256704855,8.9521885052,0.315096817353,8.54393326832,0.134178156526
K3022,2,0.275069391997,0.522029434854,0.946802001224,0.353606934932,0.359978633594,0.270349573411,0.0014545779999,0.0306385840895,0.0361709558423,26263.9693095,163923.978677,0.823350176651,0.598639455782,36.8722038066,17.6238280916,27.2480159491,0.477982785113,,0.256719844981,-0.00351068639447,8.9521885052,0.315096817353,8.84285295866,0.0849471842867
K3022,3,0.294663749085,0.555077501639,0.482101068384,0.104181543842,0.0170194905823,0.0568860463026,9.26098534331e-05,0.00128145930774,0.000208702893242,49617.6158948,163923.978677,0.575839647431,0.756264236902,26.5834206721,11.8275619404,19.2054913062,0.769649033841,,0.213211058238,-0.589220664084,8.9521885052,0.315096817353,9.06328208003,0.060571818643
K3022,4,0.384753862034,0.367172517015,0.315940082645,0.0182928926047,0.00504406446718,0.0294718480104,0.000116763297245,0.00170112664685,-8.62633061332e-06,73881.2944188,163923.978677,0.462089586485,0.613636363636,19.9260720321,12.6097660099,16.267919021,1.23728220811,,0.184774846253,-0.529363620968,8.9521885052,0.315096817353,9.35895062268,0.107935006539
K3027,1,0.542373291058,0.395519791018,0.404463594157,0.0353383757152,0.0463035032321,0.0981576811162,0.00100528933714,0.00556560559609,-0.000551438571688,64635.0406057,144007.439519,0.500430212646,0.856793145655,31.1136797916,18.8076036626,24.9606417271,1.1285253269,,0.259519536331,0.654461681358,8.92491705067,0.263181631955,8.5801009568,0.195363594115
K3027,2,0.25927389249,0.0852750635779,0.609235508001,0.00293319264084,0.00239680563183,0.246258523512,-8.72736113134e-05,0.00324123414731,-0.0018383146558,27603.8857583,144007.439519,0.661805795107,0.776009791922,32.9239511006,30.1163590773,31.5201550889,0.922516615685,,0.201508138616,0.219389788647,8.92491705067,0.263181631955,8.87283921687,0.0401336430693
K3027,3,0.233442332287,0.275266025683,0.857593435959,0.0712584489698,0.0448036811831,0.258227106534,0.00884985835601,0.0163938775425,0.00199671208537,24420.7276511,144007.439519,0.788298892768,0.937423312883,42.8134796017,31.0283832261,36.9209314139,0.999724422885,,0.224991227583,0.784955436087,8.92491705067,0.263181631955,9.00351670694,0.0625152363242
K3027,4,0.154729226672,0.431035676034,1.07534211601,0.301823713013,0.00917170169405,2.05747447357,0.0108877324849,0.534790329489,-0.0909060767395,27322.922471,144007.439519,0.89771372746,0.936274509804,51.4932462362,29.2978200336,40.3955331349,0.709949870971,,0.194378494725,0.434584568413,8.92491705067,0.263181631955,9.24352577533,0.0630235607915
K3034,1,0.45129562239,0.534727429124,0.650391916682,0.17548625753,0.394787167795,0.0490805782685,-0.00617124793029,-0.00799382376389,-0.00343362994277,126925.649478,358552.994114,0.659094700835,0.431654676259,29.8629949083,13.894432415,21.8787136616,0.985027544502,,0.277397323191,-0.773687133915,9.40480718724,0.0730053798705,9.33290804151,0.0653016377515
K3034,2,0.283976186408,0.522110767359,0.960382772918,0.36394323276,0.675009607039,1.78849555063,0.484820694784,0.461553548002,0.11930646922,56078.5718627,358552.994114,0.82983316842,0.676258992806,36.1122183701,17.2576403259,26.684929348,1.88599831869,,0.257568484687,0.233124053093,9.40480718724,0.0730053798705,9.38019430016,0.00669957310878
K3034,3,0.350355810679,0.288464575362,0.620786761504,0.0414027034795,0.0736001396186,0.53585538525,-0.00320724117417,0.0109208575861,-0.0177606184087,77849.4684104,358552.994114,0.631519833775,0.987951807229,26.1560421813,18.6109505804,22.3834963808,1.20455061543,,0.294880978603,0.487404006369,9.40480718724,0.0730053798705,9.41640521973,0.0177967931359
K3034,4,0.383336944769,0.576753623102,0.709284855769,0.243811008764,0.0234434103418,0.338529652276,-0.000215174704952,0.0537576887833,-0.00497164746821,97545.3941024,358552.994114,0.69214058639,0.346153846154,31.6376909715,13.3905380771,22.5141145243,0.565213580408,,0.277933980236,-0.368211636285,9.40480718724,0.0730053798705,9.48987778299,0.0595927859992
K4027,1,0.166768735063,0.544608871451,0.905981489525,0.353735614009,0.344980345305,1.00011012985,0.0236734130027,0.0277599017974,0.0593195327643,16280.1443736,157086.058856,0.821052251599,0.538728323699,50.9536768729,23.2038524149,37.0787646439,0.628376177774,,0.193177167889,-0.424416955453,8.64110247909,0.384481893533,8.13037627153,0.232336272432
K4027,2,0.294265554151,0.373982212051,0.709424304187,0.0960615548602,0.173303238864,0.0395358529956,0.00628315473699,0.0178355543597,0.00335809157985,28401.8933746,157086.058856,0.71363808098,0.836994219653,41.9940086342,26.2889963923,34.1415025133,1.39934805124,,0.218712296299,-0.367821522062,8.64110247909,0.384481893533,8.57758499422,0.0828047464405
K4027,3,0.223769926461,0.253914595483,0.64036499908,0.03326466711,0.0590744088778,0.0785480241053,-0.000465423556095,-0.00183894386955,-0.000189305860472,28851.5291276,157086.058856,0.687163114355,0.799536500579,37.683793482,28.1153283038,32.8995608929,1.33256098377,,0.171785574698,0.0970634213576,8.64110247909,0.384481893533,8.76661435166,0.0535270848488
K4027,4,0.542373291058,0.435058050327,0.349507566015,0.032539396151,0.0329871567849,0.00181478935665,-5.15699959707e-05,-0.000475962132853,-4.36335264581e-06,83518.0796287,157086.058856,0.466379876903,0.550925925926,30.2598324097,17.0950487183,23.677440564,0.916286782522,,0.238077501,0.700510281176,8.64110247909,0.384481893533,9.09014266837,0.212935760119
